object={
	name="charo_petals"
	render_pass=Map
	clamp_to_water_level=yes
	generated_content=no
	layer="elden_ring_environmental_effects_layer"
	entity="charo_petals"
	count=0
}
object={
	name="elden_ring_cerulean_petals"
	render_pass=Map
	clamp_to_water_level=yes
	generated_content=no
	layer="elden_ring_environmental_effects_layer"
	entity="cerulean_petals"
	count=36
	transform="2805.091553 0.000000 579.681763 0.000000 0.000000 0.000000 1.000000 0.530804 0.530804 0.530804
2818.063477 0.000000 572.727844 0.000000 0.000000 0.000000 1.000000 0.530804 0.530804 0.530804
2826.732422 0.000000 555.510437 0.000000 0.000000 0.000000 1.000000 0.530804 0.530804 0.530804
2813.764893 0.000000 549.047546 0.000000 0.000000 0.000000 1.000000 0.530804 0.530804 0.530804
2803.347900 0.000000 546.977905 0.000000 0.000000 0.000000 1.000000 0.530804 0.530804 0.530804
2791.123779 0.000000 552.585144 0.000000 0.000000 0.000000 1.000000 0.530804 0.530804 0.530804
2786.565918 0.000000 579.827698 0.000000 0.000000 0.000000 1.000000 0.530804 0.530804 0.530804
2785.810059 0.000000 587.723389 0.000000 0.000000 0.000000 1.000000 0.530804 0.530804 0.530804
2792.297852 0.000000 597.038940 0.000000 0.000000 0.000000 1.000000 0.530804 0.530804 0.530804
2815.479980 0.000000 624.663574 0.000000 0.000000 0.000000 1.000000 0.530804 0.530804 0.530804
2818.160889 0.000000 637.365662 0.000000 0.000000 0.000000 1.000000 0.530804 0.530804 0.530804
2816.859375 0.000000 652.685425 0.000000 0.000000 0.000000 1.000000 0.530804 0.530804 0.530804
2839.396240 0.000000 650.419434 0.000000 0.000000 0.000000 1.000000 0.530804 0.530804 0.530804
2872.895996 0.000000 632.063171 0.000000 0.000000 0.000000 1.000000 0.530804 0.530804 0.530804
2883.195312 0.000000 643.633606 0.000000 0.000000 0.000000 1.000000 0.530804 0.530804 0.530804
2874.514160 0.000000 645.843872 0.000000 0.000000 0.000000 1.000000 0.530804 0.530804 0.530804
2858.638428 0.000000 650.017761 0.000000 0.000000 0.000000 1.000000 0.530804 0.530804 0.530804
2850.629883 0.000000 667.323730 0.000000 0.000000 0.000000 1.000000 0.530804 0.530804 0.530804
2871.343018 0.000000 665.224121 0.000000 0.000000 0.000000 1.000000 0.530804 0.530804 0.530804
2878.471191 0.000000 668.590271 0.000000 0.000000 0.000000 1.000000 0.530804 0.530804 0.530804
2874.899658 0.000000 678.462585 0.000000 0.000000 0.000000 1.000000 0.530804 0.530804 0.530804
2886.193359 0.000000 676.681702 0.000000 0.000000 0.000000 1.000000 0.530804 0.530804 0.530804
2903.400879 0.000000 689.877869 0.000000 0.000000 0.000000 1.000000 0.530804 0.530804 0.530804
2871.035400 0.000000 702.995483 0.000000 0.000000 0.000000 1.000000 0.530804 0.530804 0.530804
2864.235596 0.000000 710.720886 0.000000 0.000000 0.000000 1.000000 0.530804 0.530804 0.530804
2862.890381 0.000000 728.941284 0.000000 0.000000 0.000000 1.000000 0.530804 0.530804 0.530804
2855.389160 0.000000 748.375061 0.000000 0.000000 0.000000 1.000000 0.530804 0.530804 0.530804
2832.847412 0.000000 747.062012 0.000000 0.000000 0.000000 1.000000 0.530804 0.530804 0.530804
2841.656006 0.000000 686.424561 0.000000 0.000000 0.000000 1.000000 0.530804 0.530804 0.530804
2829.849121 0.000000 703.313049 0.000000 0.000000 0.000000 1.000000 0.530804 0.530804 0.530804
2834.285156 0.000000 718.336243 0.000000 0.000000 0.000000 1.000000 0.530804 0.530804 0.530804
2820.664551 0.000000 725.648865 0.000000 0.000000 0.000000 1.000000 0.530804 0.530804 0.530804
2772.457764 0.000000 737.324463 0.000000 0.000000 0.000000 1.000000 0.530804 0.530804 0.530804
2763.861084 0.000000 746.496155 0.000000 0.000000 0.000000 1.000000 0.530804 0.530804 0.530804
2753.859863 0.000000 731.021606 0.000000 0.000000 0.000000 1.000000 0.530804 0.530804 0.530804
2741.286621 0.000000 738.567322 0.000000 0.000000 0.000000 1.000000 0.530804 0.530804 0.530804
"}
object={
	name="elden_ring_waterfall"
	render_pass=Map
	clamp_to_water_level=yes
	generated_content=no
	layer="elden_ring_coast_foam_layer"
	entity="waterfall"
	count=16
	transform="2809.580566 4.241150 775.217468 0.000000 0.256382 0.000000 0.966576 2.272552 2.272552 2.272552
2801.303711 0.683411 778.484619 0.000000 -0.520901 0.000000 0.783889 3.852912 3.852912 3.852912
2856.369385 4.035034 864.786743 0.000000 0.041126 0.000000 0.999154 4.525214 4.525214 4.525214
2892.427002 -1.089417 785.906738 0.000000 -0.385756 0.000000 0.922601 3.712207 3.712207 3.712207
2891.109619 -1.089417 784.567627 0.000000 -0.385756 0.000000 0.922601 3.712207 3.712207 3.712207
2889.311523 -1.089417 782.545471 0.000000 -0.336819 0.000000 0.941569 3.712207 3.712207 3.712207
2887.289062 -1.089417 780.588013 0.000000 -0.330432 0.000000 0.943830 3.712207 3.712207 3.712207
2885.504639 -1.089417 779.768127 0.000000 -0.330432 0.000000 0.943830 3.712207 3.712207 3.712207
2749.939209 2.506226 1084.909546 0.000000 -0.123978 0.000000 0.992285 4.215149 4.215149 4.215149
2821.121582 -1.094482 957.678772 0.000000 -0.181094 0.000000 0.983466 3.634224 3.634224 3.634224
2828.501709 0.000000 937.743896 0.000000 -0.055270 0.000000 0.998471 3.082947 3.082947 3.082947
2809.545166 6.154175 1067.146118 0.000000 0.222160 0.000000 0.975010 3.608203 3.608203 3.608203
2833.155518 10.106445 1051.393433 0.000000 0.431125 0.000000 0.902292 3.340197 3.340197 3.340197
2817.937988 2.833374 1086.092529 0.000000 0.323280 0.000000 0.946304 3.868185 3.868185 3.868185
2841.618652 2.833374 1059.251953 0.000000 0.232947 0.000000 0.972489 4.405602 4.405602 4.405602
2812.551758 0.887085 1075.895264 0.000000 0.232947 0.000000 0.972489 2.638961 2.638961 2.638961
"}
object={
	name="elden_ring_waterfall_bottom"
	render_pass=Map
	clamp_to_water_level=yes
	generated_content=no
	layer="elden_ring_coast_foam_layer"
	entity="waterfall_bottom"
	count=14
	transform="2810.328613 0.000000 775.968872 0.000000 -0.970509 0.000000 0.241067 1.352594 1.352594 1.352594
2813.081787 0.884094 780.443787 0.000000 0.940670 0.000000 -0.339322 0.757854 0.757854 0.757854
2793.015381 0.803589 781.406128 0.000000 -0.743819 0.000000 -0.668381 0.897326 0.897326 0.897326
2797.656006 0.000000 779.964844 0.000000 0.764011 0.000000 0.645203 1.345990 1.345990 1.345990
2842.486572 -3.257874 859.832214 0.000000 -0.952147 0.000000 -0.305642 3.189579 3.189579 3.189579
2839.825928 -3.257874 858.961853 0.000000 -0.952147 0.000000 -0.305642 3.189579 3.189579 3.189579
2836.608887 -3.455627 857.574097 0.000000 -0.952147 0.000000 -0.305642 3.189579 3.189579 3.189579
2832.936279 -3.455627 854.949402 0.000000 -0.952147 0.000000 -0.305642 3.189579 3.189579 3.189579
2831.136475 -2.199341 851.835571 0.000000 -0.952147 0.000000 -0.305642 3.189579 3.189579 3.189579
2853.406738 -1.617126 821.157837 0.000000 -0.952147 0.000000 -0.305642 1.733050 1.733050 1.733050
2852.646240 -1.617126 823.097107 0.000000 -0.748148 0.000000 -0.663532 1.733050 1.733050 1.733050
2855.936279 -1.617126 829.070129 0.000000 -0.932405 0.000000 -0.361416 1.733050 1.733050 1.733050
2853.068359 -1.617126 828.300232 0.000000 -0.932405 0.000000 -0.361416 2.347626 2.347626 2.347626
2883.852295 0.707703 790.563599 0.000000 -0.948586 0.000000 -0.316518 1.929480 1.929480 1.929480
"}
object={
	name="elden_ring_waterfall_shallow"
	render_pass=Map
	clamp_to_water_level=yes
	generated_content=no
	layer="elden_ring_coast_foam_layer"
	entity="waterfall_shallow"
	count=15
	transform="2884.740479 -2.165344 723.557739 0.000000 -0.069189 0.000000 0.997604 2.759624 2.759624 2.759624
2883.142578 -2.165344 723.191101 0.000000 -0.069189 0.000000 0.997604 2.759624 2.759624 2.759624
2881.650391 -2.165344 723.145935 0.000000 -0.069189 0.000000 0.997604 2.759624 2.759624 2.759624
2879.803711 -2.165344 742.044861 0.000000 -0.069189 0.000000 0.997604 2.759624 2.759624 2.759624
2877.734619 -2.165344 742.223145 0.000000 -0.131515 0.000000 0.991314 2.759624 2.759624 2.759624
2875.972168 -2.165344 742.018311 0.000000 -0.131515 0.000000 0.991314 2.759624 2.759624 2.759624
2789.075684 -1.996277 785.840210 0.000000 -0.759225 0.000000 0.650828 2.759624 2.759624 2.759624
2788.958496 -0.789856 783.765869 0.000000 -0.664350 0.000000 0.747422 2.759624 2.759624 2.759624
2789.047852 -0.789856 782.271790 0.000000 -0.618674 0.000000 0.785648 2.759624 2.759624 2.759624
2789.047852 -0.789856 782.271790 0.000000 -0.749873 0.000000 0.661582 2.759624 2.759624 2.759624
2789.047852 -0.789856 782.271790 0.000000 -0.876176 0.000000 0.481991 2.759624 2.759624 2.759624
2779.995117 -1.582397 780.810669 0.000000 -0.840480 0.000000 0.541842 2.759624 2.759624 2.759624
2780.565186 -1.582397 779.361938 0.000000 -0.816852 0.000000 0.576847 2.759624 2.759624 2.759624
2780.958008 -1.582397 777.104858 0.000000 -0.792940 0.000000 0.609300 2.759624 2.759624 2.759624
2781.405518 -2.463196 774.915405 0.000000 -0.766290 0.000000 0.642495 2.759624 2.759624 2.759624
"}
