object={
	name="finger ruins finger 01"
	render_pass=Map
	clamp_to_water_level=no
	generated_content=no
	layer="elden_ring_structures_layer"
	pdxmesh="finger_ruin_finger_01_mesh"
	count=7
	transform="3028.415283 -0.432190 810.115601 0.000000 -0.902158 0.000000 -0.431405 2.000000 2.000000 2.000000
3029.539795 -0.432190 819.805481 0.000000 -0.608812 0.000000 -0.793314 2.000000 2.000000 2.000000
3023.521729 -0.432190 827.714050 0.000000 -0.288816 0.000000 -0.957385 2.000000 2.000000 2.000000
3011.868652 -0.432190 829.026855 0.000000 0.208401 0.000000 -0.978044 2.000000 2.000000 2.000000
3005.519775 -0.432190 821.504028 0.000000 0.488433 0.000000 -0.872601 2.000000 2.000000 2.000000
3006.408203 -0.432190 812.376282 0.000000 0.797865 0.000000 -0.602836 2.000000 2.000000 2.000000
3012.035889 -0.432190 805.847290 0.000000 -0.966310 0.000000 0.257381 2.000000 2.000000 2.000000
"}
