object={
	name="lakes"
	render_pass=Map
	clamp_to_water_level=no
	generated_content=no
	layer="lake_layer"
	pdxmesh="lake_mesh"
	count=41
	transform="2853.427002 0.302368 705.922058 0.000000 0.538147 0.000000 0.842851 39.838463 39.838463 39.838463
2749.266357 0.605630 744.779114 0.000000 0.598039 0.000000 0.801467 14.274346 14.274346 14.274346
2795.851318 0.669617 731.312317 0.000000 -0.996099 0.000000 -0.088238 15.205604 15.205604 15.205604
2790.098877 0.669617 726.500610 0.000000 -0.996099 0.000000 -0.088238 15.205604 15.205604 15.205604
2777.565918 0.809449 729.617737 0.000000 -0.424201 0.000000 0.905568 15.205604 15.205604 15.205604
2845.983887 0.827209 737.319214 0.000000 -0.171271 0.000000 0.985224 26.403419 26.403419 26.403419
2758.901611 0.561402 736.591309 0.000000 0.213135 0.000000 0.977023 13.818002 13.818002 13.818002
2873.049805 0.551208 759.596619 0.000000 -0.754398 0.000000 0.656417 14.001121 14.001121 14.001121
2878.497314 0.680481 739.428711 0.000000 -0.792382 0.000000 0.610026 9.395584 9.395584 9.395584
2911.715332 0.647156 712.817078 0.000000 0.997870 0.000000 -0.065235 8.191852 8.191852 8.191852
2902.006592 0.647156 714.893738 0.000000 0.986306 0.000000 -0.164927 6.521060 6.521060 6.521060
2895.040527 0.659241 731.728760 0.000000 -0.412087 0.000000 0.911145 6.673822 6.673822 6.673822
2886.037354 0.647156 722.901733 0.000000 0.449756 0.000000 0.893152 11.288510 11.288510 11.288510
2793.454834 1.007812 751.668152 0.000000 -0.121434 0.000000 0.992600 10.940334 10.940334 10.940334
2790.914307 1.007812 754.767395 0.000000 -0.121434 0.000000 0.992600 10.940334 10.940334 10.940334
2831.300293 0.627441 791.054626 0.000000 0.823867 0.000000 0.566783 12.570550 12.570550 12.570550
2813.776611 0.627441 753.881042 0.000000 0.726177 0.000000 0.687508 12.570550 12.570550 12.570550
2822.841553 0.627441 763.300537 0.000000 -0.226056 0.000000 0.974114 9.324297 9.324297 9.324297
2839.987549 0.627441 794.533997 0.000000 0.571153 0.000000 0.820843 15.513080 15.513080 15.513080
2823.791992 0.627441 781.315613 0.000000 0.288182 0.000000 0.957576 11.356749 11.356749 11.356749
2815.245850 0.780151 784.144470 0.000000 -0.522000 0.000000 0.852945 6.181124 6.181124 6.181124
2819.021729 0.627441 787.071167 0.000000 0.025235 0.000000 0.999681 11.356749 11.356749 11.356749
2839.965088 0.650268 776.005188 0.000000 0.520802 0.000000 0.853677 12.748520 12.748520 12.748520
2835.777832 0.627441 776.103149 0.000000 0.600604 0.000000 0.799546 17.639990 17.639990 17.639990
2804.606201 0.579346 774.621704 0.000000 0.960013 0.000000 0.279956 24.421009 24.421009 24.421009
2790.800049 0.780945 783.225281 0.000000 0.735218 0.000000 0.677830 6.546512 6.546512 6.546512
2788.404785 0.780945 782.936890 0.000000 0.683534 0.000000 0.729918 6.546512 6.546512 6.546512
2780.301270 0.780945 779.288208 0.000000 -0.744518 0.000000 0.667602 8.861519 8.861519 8.861519
2762.838623 0.780945 773.073975 0.000000 -0.098928 0.000000 0.995095 14.000044 14.000044 14.000044
2856.637695 0.620361 852.539368 0.000000 0.847712 0.000000 0.530456 13.553220 13.553220 13.553220
2861.508545 0.620361 854.453491 0.000000 0.989003 0.000000 -0.147897 13.553220 13.553220 13.553220
2863.061768 0.620361 862.256409 0.000000 0.989003 0.000000 -0.147897 13.553220 13.553220 13.553220
2715.549561 0.663269 878.889221 0.000000 0.086075 0.000000 0.996289 5.708112 5.708112 5.708112
2715.900635 0.663269 881.069641 0.000000 0.086075 0.000000 0.996289 5.708112 5.708112 5.708112
2712.123047 1.048584 1050.199585 0.000000 0.607494 0.000000 -0.794324 11.476935 11.476935 11.476935
2696.848633 1.048584 1030.436890 0.000000 -0.982410 0.000000 -0.186737 11.476935 11.476935 11.476935
2710.595703 1.048584 1032.366699 0.000000 -0.918623 0.000000 0.395135 33.580635 33.580635 33.580635
2836.832520 0.629333 852.130615 0.000000 -0.419969 0.000000 0.907539 16.183062 16.183062 16.183062
2865.339844 0.644409 812.587585 0.000000 0.428425 0.000000 0.903577 29.861660 29.861660 29.861660
2896.319824 1.002441 819.287598 0.000000 -0.762058 0.000000 0.647509 12.172539 12.172539 12.172539
2881.120605 0.834473 960.223389 0.000000 -0.649301 0.000000 0.760531 13.111594 13.111594 13.111594
"}
