object={
	name="cerulean_pine_generator_1_0"
	render_pass=Map
	clamp_to_water_level=no
	generated_content=yes
	layer="tree_high_layer"
	pdxmesh="cerulean_pine_a_mesh"
	count=56
	transform="2803.365967 0.000000 547.368835 0.000000 0.491361 0.000000 -0.870956 0.600000 0.600000 0.600000
2793.131836 0.000000 594.823120 0.000000 0.430228 0.000000 0.902720 0.600000 0.600000 0.600000
2786.716553 0.000000 578.060242 0.000000 0.471867 0.000000 -0.881670 0.600000 0.600000 0.600000
2786.000977 0.000000 587.877930 0.000000 0.896828 0.000000 -0.442379 0.600000 0.600000 0.600000
2786.316406 0.000000 581.302063 0.000000 0.243442 0.000000 0.969915 0.600000 0.600000 0.600000
2786.266113 0.000000 579.663940 0.000000 0.483363 0.000000 0.875420 0.600000 0.600000 0.600000
2787.932373 0.000000 579.166260 0.000000 0.059942 0.000000 0.998202 0.600000 0.600000 0.600000
2787.100098 0.000000 580.457581 0.000000 0.267350 0.000000 -0.963599 0.600000 0.600000 0.600000
2740.827148 0.000000 739.611389 0.000000 0.261756 0.000000 0.965134 0.600000 0.600000 0.600000
2743.109131 0.000000 736.352783 0.000000 0.595422 0.000000 0.803413 0.600000 0.600000 0.600000
2740.052246 0.000000 736.674255 0.000000 0.208174 0.000000 0.978092 0.600000 0.600000 0.600000
2740.913086 0.000000 738.205994 0.000000 0.273580 0.000000 0.961849 0.600000 0.600000 0.600000
2753.783936 0.000000 730.359985 0.000000 0.909195 0.000000 0.416371 0.600000 0.600000 0.600000
2763.835938 0.000000 746.802856 0.000000 0.426963 0.000000 0.904269 0.600000 0.600000 0.600000
2761.266846 0.000000 746.376282 0.000000 0.126221 0.000000 0.992002 0.600000 0.600000 0.600000
2765.112549 0.000000 751.760986 0.000000 0.973198 0.000000 0.229968 0.600000 0.600000 0.600000
2762.455322 0.000000 747.197144 0.000000 0.717912 0.000000 -0.696134 0.600000 0.600000 0.600000
2801.067627 0.000000 735.920044 0.000000 0.855924 0.000000 -0.517101 0.600000 0.600000 0.600000
2818.093506 0.000000 573.005188 0.000000 0.666215 0.000000 0.745760 0.600000 0.600000 0.600000
2823.846680 0.000000 552.439758 0.000000 0.211755 0.000000 0.977323 0.600000 0.600000 0.600000
2826.064453 0.000000 556.862244 0.000000 0.983985 0.000000 0.178249 0.600000 0.600000 0.600000
2825.251221 0.000000 554.470032 0.000000 0.905047 0.000000 -0.425311 0.600000 0.600000 0.600000
2828.405518 0.000000 557.649719 0.000000 0.900874 0.000000 -0.434081 0.600000 0.600000 0.600000
2818.093506 0.000000 636.973938 0.000000 0.994003 0.000000 -0.109355 0.600000 0.600000 0.600000
2815.669922 0.000000 624.781006 0.000000 0.807026 0.000000 -0.590516 0.600000 0.600000 0.600000
2873.639160 0.000000 630.856750 0.000000 0.319679 0.000000 0.947526 0.600000 0.600000 0.600000
2816.795166 0.000000 652.892273 0.000000 0.145369 0.000000 -0.989377 0.600000 0.600000 0.600000
2850.085693 0.000000 668.958313 0.000000 0.819491 0.000000 -0.573092 0.600000 0.600000 0.600000
2859.812500 0.000000 650.849731 0.000000 0.743589 0.000000 -0.668637 0.600000 0.600000 0.600000
2857.243408 0.000000 650.423157 0.000000 0.999715 0.000000 -0.023871 0.600000 0.600000 0.600000
2849.760498 0.000000 666.391235 0.000000 0.916198 0.000000 -0.400726 0.600000 0.600000 0.600000
2851.934814 0.000000 667.093933 0.000000 0.804326 0.000000 0.594188 0.600000 0.600000 0.600000
2874.650146 0.000000 645.318542 0.000000 0.058733 0.000000 -0.998274 0.600000 0.600000 0.600000
2858.696533 0.000000 649.764771 0.000000 0.021356 0.000000 -0.999772 0.600000 0.600000 0.600000
2878.535645 0.000000 669.020020 0.000000 0.961139 0.000000 -0.276064 0.600000 0.600000 0.600000
2858.857910 0.000000 648.080139 0.000000 0.863500 0.000000 0.504348 0.600000 0.600000 0.600000
2871.077881 0.000000 704.368408 0.000000 0.981902 0.000000 -0.189390 0.600000 0.600000 0.600000
2863.635498 0.000000 711.354858 0.000000 0.782954 0.000000 -0.622079 0.600000 0.600000 0.600000
2864.693359 0.000000 710.523987 0.000000 0.746263 0.000000 -0.665652 0.600000 0.600000 0.600000
2855.406738 0.000000 748.930176 0.000000 0.923264 0.000000 0.384167 0.600000 0.600000 0.600000
2905.143066 0.000000 722.068237 0.000000 0.584998 0.000000 -0.811035 0.600000 0.600000 0.600000
2915.569580 0.000000 728.583984 0.000000 0.125190 0.000000 0.992133 0.600000 0.600000 0.600000
2928.183105 0.000000 746.092896 0.000000 0.861698 0.000000 -0.507421 0.600000 0.600000 0.600000
2929.962158 0.000000 752.200989 0.000000 0.967686 0.000000 -0.252158 0.600000 0.600000 0.600000
2942.441162 0.000000 755.707764 0.000000 0.688489 0.000000 -0.725247 0.600000 0.600000 0.600000
2942.830078 0.000000 754.504395 0.000000 0.912221 0.000000 0.409699 0.600000 0.600000 0.600000
2969.504883 0.000000 748.187805 0.000000 0.392301 0.000000 0.919837 0.600000 0.600000 0.600000
2972.113281 0.000000 759.481934 0.000000 0.046940 0.000000 0.998898 0.600000 0.600000 0.600000
2943.298828 0.000000 755.035889 0.000000 0.912104 0.000000 -0.409958 0.600000 0.600000 0.600000
2968.229980 0.000000 751.978760 0.000000 0.536469 0.000000 -0.843920 0.600000 0.600000 0.600000
2944.465820 0.000000 754.031006 0.000000 0.334254 0.000000 -0.942483 0.600000 0.600000 0.600000
2944.651367 0.000000 755.653503 0.000000 0.769325 0.000000 0.638857 0.600000 0.600000 0.600000
2987.781250 0.000000 746.802856 0.000000 0.964377 0.000000 -0.264533 0.600000 0.600000 0.600000
2986.304443 0.000000 757.946106 0.000000 0.323004 0.000000 0.946397 0.600000 0.600000 0.600000
2977.729248 0.000000 762.344360 0.000000 0.135889 0.000000 -0.990724 0.600000 0.600000 0.600000
2979.903564 0.000000 763.047058 0.000000 0.997368 0.000000 0.072501 0.600000 0.600000 0.600000
"}
