object={
	name="cerulean_pine_generator_2_0"
	render_pass=Map
	clamp_to_water_level=no
	generated_content=yes
	layer="tree_high_layer"
	pdxmesh="cerulean_pine_b_mesh"
	count=23
	transform="2791.854492 0.000000 552.439758 0.000000 0.377704 0.000000 -0.925926 0.600000 0.600000 0.600000
2804.811523 0.000000 579.689514 0.000000 0.999824 0.000000 -0.018767 0.600000 0.600000 0.600000
2792.695312 0.000000 596.892395 0.000000 0.938737 0.000000 -0.344635 0.600000 0.600000 0.600000
2759.430176 0.000000 684.961426 0.000000 0.389210 0.000000 -0.921149 0.600000 0.600000 0.600000
2763.970947 0.000000 744.613403 0.000000 0.140286 0.000000 -0.990111 0.600000 0.600000 0.600000
2839.449707 0.000000 650.655334 0.000000 0.918821 0.000000 0.394674 0.600000 0.600000 0.600000
2851.585205 0.000000 664.615234 0.000000 0.994125 0.000000 0.108237 0.600000 0.600000 0.600000
2874.650146 0.000000 677.302917 0.000000 0.537427 0.000000 0.843310 0.600000 0.600000 0.600000
2821.341309 0.000000 726.477234 0.000000 0.870900 0.000000 -0.491460 0.600000 0.600000 0.600000
2833.955078 0.000000 718.171753 0.000000 0.988145 0.000000 0.153522 0.600000 0.600000 0.600000
2821.112305 0.000000 724.441040 0.000000 0.296655 0.000000 -0.954985 0.600000 0.600000 0.600000
2862.651855 0.000000 727.983582 0.000000 0.724874 0.000000 0.688881 0.600000 0.600000 0.600000
2912.277344 0.000000 725.156189 0.000000 0.629085 0.000000 0.777336 0.600000 0.600000 0.600000
2941.920898 0.000000 753.711426 0.000000 0.947018 0.000000 -0.321180 0.600000 0.600000 0.600000
2931.209717 0.000000 755.354797 0.000000 0.958177 0.000000 -0.286175 0.600000 0.600000 0.600000
2926.073975 0.000000 747.453247 0.000000 0.326810 0.000000 -0.945090 0.600000 0.600000 0.600000
2931.994873 0.000000 752.852173 0.000000 0.991373 0.000000 0.131070 0.600000 0.600000 0.600000
2971.598633 0.000000 761.811096 0.000000 0.994025 0.000000 -0.109151 0.600000 0.600000 0.600000
2944.269531 0.000000 757.140564 0.000000 0.998612 0.000000 -0.052671 0.600000 0.600000 0.600000
2943.638672 0.000000 752.718506 0.000000 0.285845 0.000000 -0.958276 0.600000 0.600000 0.600000
2945.907715 0.000000 754.651428 0.000000 0.621881 0.000000 -0.783112 0.600000 0.600000 0.600000
2974.285400 0.000000 740.773743 0.000000 0.959019 0.000000 -0.283340 0.600000 0.600000 0.600000
2947.499756 0.000000 755.597961 0.000000 0.977795 0.000000 -0.209563 0.600000 0.600000 0.600000
"}
