object={
	name="cerulean_pine_generator_3_0"
	render_pass=Map
	clamp_to_water_level=no
	generated_content=yes
	layer="tree_high_layer"
	pdxmesh="cerulean_pine_c_mesh"
	count=592
	transform="2804.811523 0.000000 547.705139 0.000000 0.994652 0.000000 -0.103281 0.600000 0.600000 0.600000
2813.149658 0.000000 546.922668 0.000000 0.793629 0.000000 0.608402 0.600000 0.600000 0.600000
2804.036621 0.000000 544.768005 0.000000 0.099518 0.000000 0.995036 0.600000 0.600000 0.600000
2802.032959 0.000000 546.604126 0.000000 0.751785 0.000000 -0.659409 0.600000 0.600000 0.600000
2803.653564 0.000000 546.376770 0.000000 0.016578 0.000000 -0.999863 0.600000 0.600000 0.600000
2802.406494 0.000000 544.989319 0.000000 0.939207 0.000000 -0.343352 0.600000 0.600000 0.600000
2800.918701 0.000000 547.675049 0.000000 0.248631 0.000000 -0.968598 0.600000 0.600000 0.600000
2812.632080 0.000000 548.977417 0.000000 0.314226 0.000000 0.949348 0.600000 0.600000 0.600000
2788.829346 0.000000 554.771179 0.000000 0.688067 0.000000 -0.725647 0.600000 0.600000 0.600000
2791.918945 0.000000 553.836060 0.000000 0.677316 0.000000 0.735692 0.600000 0.600000 0.600000
2790.471680 0.000000 552.385437 0.000000 0.954831 0.000000 0.297151 0.600000 0.600000 0.600000
2813.613037 0.000000 549.929932 0.000000 0.306298 0.000000 0.951936 0.600000 0.600000 0.600000
2804.897461 0.000000 546.299744 0.000000 0.852674 0.000000 0.522443 0.600000 0.600000 0.600000
2813.430176 0.000000 548.081482 0.000000 0.176599 0.000000 0.984283 0.600000 0.600000 0.600000
2790.931396 0.000000 553.362061 0.000000 0.456441 0.000000 0.889754 0.600000 0.600000 0.600000
2788.670410 0.000000 553.829407 0.000000 0.849841 0.000000 -0.527039 0.600000 0.600000 0.600000
2794.805664 0.000000 591.429993 0.000000 0.323823 0.000000 -0.946118 0.600000 0.600000 0.600000
2796.803223 0.000000 596.615845 0.000000 0.501104 0.000000 0.865387 0.600000 0.600000 0.600000
2789.006104 0.000000 594.617493 0.000000 0.061336 0.000000 0.998117 0.600000 0.600000 0.600000
2795.154297 0.000000 600.920105 0.000000 0.237864 0.000000 0.971299 0.600000 0.600000 0.600000
2787.722900 0.000000 585.879150 0.000000 0.685478 0.000000 0.728094 0.600000 0.600000 0.600000
2798.676025 0.000000 593.618042 0.000000 0.325918 0.000000 0.945398 0.600000 0.600000 0.600000
2787.448730 0.000000 597.459167 0.000000 0.868878 0.000000 -0.495026 0.600000 0.600000 0.600000
2792.359863 0.000000 601.934265 0.000000 0.795628 0.000000 0.605785 0.600000 0.600000 0.600000
2800.445312 0.000000 606.285889 0.000000 0.534813 0.000000 -0.844971 0.600000 0.600000 0.600000
2794.351318 0.000000 598.024231 0.000000 0.473297 0.000000 -0.880903 0.600000 0.600000 0.600000
2784.701904 0.000000 590.485352 0.000000 0.921490 0.000000 0.388402 0.600000 0.600000 0.600000
2785.449219 0.000000 599.393127 0.000000 0.776096 0.000000 -0.630615 0.600000 0.600000 0.600000
2784.493164 0.000000 586.004272 0.000000 0.164484 0.000000 0.986380 0.600000 0.600000 0.600000
2791.003662 0.000000 596.043152 0.000000 0.997245 0.000000 -0.074184 0.600000 0.600000 0.600000
2789.349121 0.000000 598.539734 0.000000 0.972834 0.000000 0.231504 0.600000 0.600000 0.600000
2797.652588 0.000000 601.916992 0.000000 0.352308 0.000000 -0.935884 0.600000 0.600000 0.600000
2789.120117 0.000000 596.503540 0.000000 0.795176 0.000000 0.606378 0.600000 0.600000 0.600000
2791.210693 0.000000 594.162781 0.000000 0.996579 0.000000 0.082644 0.600000 0.600000 0.600000
2794.427979 0.000000 593.847717 0.000000 0.983081 0.000000 -0.183173 0.600000 0.600000 0.600000
2787.321289 0.000000 588.775391 0.000000 0.997747 0.000000 -0.067091 0.600000 0.600000 0.600000
2801.927002 0.000000 606.704712 0.000000 0.887865 0.000000 -0.460103 0.600000 0.600000 0.600000
2786.020508 0.000000 589.809631 0.000000 0.187712 0.000000 0.982224 0.600000 0.600000 0.600000
2786.286621 0.000000 586.309692 0.000000 0.790970 0.000000 0.611855 0.600000 0.600000 0.600000
2797.250977 0.000000 593.305176 0.000000 0.999140 0.000000 0.041457 0.600000 0.600000 0.600000
2793.738037 0.000000 601.441040 0.000000 0.999435 0.000000 0.033603 0.600000 0.600000 0.600000
2795.715820 0.000000 597.553894 0.000000 0.883135 0.000000 -0.469119 0.600000 0.600000 0.600000
2787.564453 0.000000 587.348816 0.000000 0.366836 0.000000 -0.930286 0.600000 0.600000 0.600000
2797.346924 0.000000 597.752075 0.000000 0.097432 0.000000 -0.995242 0.600000 0.600000 0.600000
2794.101807 0.000000 596.968872 0.000000 0.597624 0.000000 -0.801777 0.600000 0.600000 0.600000
2811.637695 0.000000 633.873596 0.000000 0.911901 0.000000 0.410411 0.600000 0.600000 0.600000
2812.952148 0.000000 620.995422 0.000000 0.785470 0.000000 -0.618900 0.600000 0.600000 0.600000
2801.067627 0.000000 607.982544 0.000000 0.107295 0.000000 0.994227 0.600000 0.600000 0.600000
2812.469238 0.000000 623.692932 0.000000 0.570384 0.000000 0.821378 0.600000 0.600000 0.600000
2812.152344 0.000000 631.544434 0.000000 0.996544 0.000000 0.083067 0.600000 0.600000 0.600000
2810.665771 0.000000 613.334167 0.000000 0.367687 0.000000 0.929950 0.600000 0.600000 0.600000
2814.324951 0.000000 622.649292 0.000000 0.630488 0.000000 0.776199 0.600000 0.600000 0.600000
2814.110840 0.000000 624.239380 0.000000 0.586178 0.000000 0.810182 0.600000 0.600000 0.600000
2813.641846 0.000000 631.921021 0.000000 0.998956 0.000000 0.045690 0.600000 0.600000 0.600000
2812.934082 0.000000 633.238647 0.000000 0.978583 0.000000 -0.205852 0.600000 0.600000 0.600000
2814.106201 0.000000 634.654846 0.000000 0.879128 0.000000 0.476586 0.600000 0.600000 0.600000
2810.930420 0.000000 630.725891 0.000000 0.238551 0.000000 -0.971130 0.600000 0.600000 0.600000
2815.183350 0.000000 634.343506 0.000000 0.474965 0.000000 0.880005 0.600000 0.600000 0.600000
2814.953369 0.000000 623.483337 0.000000 0.705084 0.000000 0.709124 0.600000 0.600000 0.600000
2734.802490 0.000000 685.797180 0.000000 0.829697 0.000000 0.558215 0.600000 0.600000 0.600000
2733.587891 0.000000 703.148987 0.000000 0.828631 0.000000 -0.559795 0.600000 0.600000 0.600000
2750.047852 0.000000 682.079956 0.000000 0.840805 0.000000 -0.541338 0.600000 0.600000 0.600000
2735.876709 0.000000 687.796814 0.000000 0.124027 0.000000 0.992279 0.600000 0.600000 0.600000
2750.662354 0.000000 683.825745 0.000000 0.892281 0.000000 0.451481 0.600000 0.600000 0.600000
2734.518555 0.000000 687.258911 0.000000 0.931505 0.000000 -0.363729 0.600000 0.600000 0.600000
2751.306152 0.000000 682.610718 0.000000 0.367986 0.000000 -0.929831 0.600000 0.600000 0.600000
2762.813477 0.000000 687.383118 0.000000 0.346961 0.000000 0.937880 0.600000 0.600000 0.600000
2762.359131 0.000000 693.977356 0.000000 0.996781 0.000000 0.080170 0.600000 0.600000 0.600000
2762.080078 0.000000 684.799744 0.000000 0.292988 0.000000 -0.956116 0.600000 0.600000 0.600000
2754.008789 0.000000 683.831055 0.000000 0.278502 0.000000 -0.960436 0.600000 0.600000 0.600000
2756.913574 0.000000 684.203369 0.000000 0.916961 0.000000 0.398977 0.600000 0.600000 0.600000
2761.266846 0.000000 682.407532 0.000000 0.655396 0.000000 -0.755286 0.600000 0.600000 0.600000
2758.128418 0.000000 682.059937 0.000000 0.413733 0.000000 0.910398 0.600000 0.600000 0.600000
2759.633545 0.000000 683.178040 0.000000 0.840516 0.000000 0.541786 0.600000 0.600000 0.600000
2760.895996 0.000000 683.926086 0.000000 0.865144 0.000000 0.501523 0.600000 0.600000 0.600000
2763.454346 0.000000 684.331909 0.000000 0.760162 0.000000 0.649733 0.600000 0.600000 0.600000
2763.723633 0.000000 693.507019 0.000000 0.979943 0.000000 0.199279 0.600000 0.600000 0.600000
2760.779297 0.000000 685.248169 0.000000 0.892231 0.000000 0.451579 0.600000 0.600000 0.600000
2751.499512 0.000000 682.770081 0.000000 0.965550 0.000000 -0.260217 0.600000 0.600000 0.600000
2751.012207 0.000000 731.684204 0.000000 0.578513 0.000000 -0.815673 0.600000 0.600000 0.600000
2750.121826 0.000000 730.607971 0.000000 0.854022 0.000000 0.520237 0.600000 0.600000 0.600000
2738.048584 0.000000 738.510376 0.000000 0.002197 0.000000 0.999998 0.600000 0.600000 0.600000
2740.938232 0.000000 746.526672 0.000000 0.791057 0.000000 0.611743 0.600000 0.600000 0.600000
2743.260742 0.000000 740.075134 0.000000 0.684909 0.000000 -0.728629 0.600000 0.600000 0.600000
2741.651123 0.000000 741.966919 0.000000 0.999790 0.000000 0.020483 0.600000 0.600000 0.600000
2742.096191 0.000000 738.101379 0.000000 0.859061 0.000000 0.511874 0.600000 0.600000 0.600000
2739.669189 0.000000 738.283020 0.000000 0.943192 0.000000 0.332249 0.600000 0.600000 0.600000
2743.862305 0.000000 738.514282 0.000000 0.984905 0.000000 0.173097 0.600000 0.600000 0.600000
2741.189209 0.000000 744.975586 0.000000 0.181130 0.000000 -0.983459 0.600000 0.600000 0.600000
2740.704834 0.000000 747.981995 0.000000 0.686446 0.000000 0.727181 0.600000 0.600000 0.600000
2741.807129 0.000000 740.588623 0.000000 0.342009 0.000000 0.939696 0.600000 0.600000 0.600000
2740.645264 0.000000 741.140625 0.000000 0.337383 0.000000 -0.941367 0.600000 0.600000 0.600000
2742.120117 0.000000 739.393738 0.000000 0.876891 0.000000 0.480689 0.600000 0.600000 0.600000
2738.389893 0.000000 741.192627 0.000000 0.951446 0.000000 -0.307814 0.600000 0.600000 0.600000
2739.872559 0.000000 740.253113 0.000000 0.965689 0.000000 -0.259702 0.600000 0.600000 0.600000
2771.487793 0.000000 734.617126 0.000000 0.024413 0.000000 -0.999702 0.600000 0.600000 0.600000
2751.379639 0.000000 734.184631 0.000000 0.828588 0.000000 0.559859 0.600000 0.600000 0.600000
2751.978516 0.000000 731.922241 0.000000 0.624295 0.000000 -0.781188 0.600000 0.600000 0.600000
2755.958252 0.000000 731.062683 0.000000 0.897430 0.000000 0.441157 0.600000 0.600000 0.600000
2752.288330 0.000000 730.483704 0.000000 0.977229 0.000000 0.212185 0.600000 0.600000 0.600000
2753.274170 0.000000 731.567810 0.000000 0.422903 0.000000 -0.906175 0.600000 0.600000 0.600000
2752.744629 0.000000 733.046021 0.000000 0.999007 0.000000 0.044552 0.600000 0.600000 0.600000
2788.500977 0.000000 734.497742 0.000000 0.105475 0.000000 0.994422 0.600000 0.600000 0.600000
2805.791992 0.000000 732.760010 0.000000 0.465386 0.000000 -0.885108 0.600000 0.600000 0.600000
2800.445312 0.000000 734.223389 0.000000 0.070243 0.000000 -0.997530 0.600000 0.600000 0.600000
2791.507812 0.000000 734.717529 0.000000 0.867544 0.000000 0.497361 0.600000 0.600000 0.600000
2802.311279 0.000000 732.359680 0.000000 0.940656 0.000000 -0.339361 0.600000 0.600000 0.600000
2807.198486 0.000000 733.163757 0.000000 0.535438 0.000000 0.844575 0.600000 0.600000 0.600000
2814.551270 0.000000 732.988770 0.000000 0.991719 0.000000 -0.128427 0.600000 0.600000 0.600000
2762.813477 0.000000 751.351868 0.000000 0.740093 0.000000 0.672504 0.600000 0.600000 0.600000
2768.222168 0.000000 746.092896 0.000000 0.316648 0.000000 0.948543 0.600000 0.600000 0.600000
2770.001221 0.000000 752.200989 0.000000 0.999600 0.000000 -0.028295 0.600000 0.600000 0.600000
2755.730713 0.000000 745.801025 0.000000 0.867911 0.000000 0.496719 0.600000 0.600000 0.600000
2766.794678 0.000000 749.765930 0.000000 0.583425 0.000000 -0.812167 0.600000 0.600000 0.600000
2769.088867 0.000000 741.210266 0.000000 0.977266 0.000000 -0.212016 0.600000 0.600000 0.600000
2775.101318 0.000000 736.352783 0.000000 0.788600 0.000000 -0.614906 0.600000 0.600000 0.600000
2766.683838 0.000000 753.539917 0.000000 0.560847 0.000000 -0.827919 0.600000 0.600000 0.600000
2762.692383 0.000000 742.797363 0.000000 0.035385 0.000000 0.999374 0.600000 0.600000 0.600000
2772.044434 0.000000 736.674255 0.000000 0.853975 0.000000 0.520314 0.600000 0.600000 0.600000
2762.080078 0.000000 748.768494 0.000000 0.662952 0.000000 -0.748662 0.600000 0.600000 0.600000
2754.008789 0.000000 747.799805 0.000000 0.959211 0.000000 0.282692 0.600000 0.600000 0.600000
2769.471924 0.000000 743.912354 0.000000 0.428048 0.000000 0.903756 0.600000 0.600000 0.600000
2768.875000 0.000000 748.441101 0.000000 0.922176 0.000000 0.386771 0.600000 0.600000 0.600000
2752.500977 0.000000 745.926147 0.000000 0.022872 0.000000 0.999738 0.600000 0.600000 0.600000
2764.421143 0.000000 749.555969 0.000000 0.997217 0.000000 0.074550 0.600000 0.600000 0.600000
2766.113037 0.000000 747.453247 0.000000 0.561628 0.000000 -0.827390 0.600000 0.600000 0.600000
2766.866455 0.000000 741.343933 0.000000 0.976463 0.000000 0.215685 0.600000 0.600000 0.600000
2767.868896 0.000000 751.765564 0.000000 0.940509 0.000000 0.339770 0.600000 0.600000 0.600000
2760.516357 0.000000 742.291687 0.000000 0.795052 0.000000 -0.606541 0.600000 0.600000 0.600000
2766.140869 0.000000 745.344116 0.000000 0.564732 0.000000 -0.825274 0.600000 0.600000 0.600000
2776.935791 0.000000 737.365051 0.000000 0.285271 0.000000 0.958447 0.600000 0.600000 0.600000
2774.088379 0.000000 738.101379 0.000000 0.465250 0.000000 0.885180 0.600000 0.600000 0.600000
2767.658936 0.000000 743.339233 0.000000 0.718524 0.000000 -0.695502 0.600000 0.600000 0.600000
2761.718994 0.000000 744.558960 0.000000 0.698917 0.000000 0.715203 0.600000 0.600000 0.600000
2770.414307 0.000000 736.895569 0.000000 0.057987 0.000000 -0.998317 0.600000 0.600000 0.600000
2775.854492 0.000000 738.514282 0.000000 0.392949 0.000000 -0.919560 0.600000 0.600000 0.600000
2762.719971 0.000000 745.717896 0.000000 0.243562 0.000000 0.969885 0.600000 0.600000 0.600000
2760.895996 0.000000 747.894836 0.000000 0.465241 0.000000 0.885184 0.600000 0.600000 0.600000
2763.454346 0.000000 748.300659 0.000000 0.085063 0.000000 0.996376 0.600000 0.600000 0.600000
2768.296387 0.000000 753.189697 0.000000 0.179510 0.000000 0.983756 0.600000 0.600000 0.600000
2765.685303 0.000000 748.832458 0.000000 0.904623 0.000000 0.426213 0.600000 0.600000 0.600000
2763.027100 0.000000 749.913696 0.000000 0.402433 0.000000 0.915450 0.600000 0.600000 0.600000
2752.675781 0.000000 747.351379 0.000000 0.699754 0.000000 -0.714384 0.600000 0.600000 0.600000
2768.716797 0.000000 742.508362 0.000000 0.153369 0.000000 -0.988169 0.600000 0.600000 0.600000
2764.070312 0.000000 750.865906 0.000000 0.905802 0.000000 0.423702 0.600000 0.600000 0.600000
2760.779297 0.000000 749.216919 0.000000 0.191448 0.000000 0.981503 0.600000 0.600000 0.600000
2765.423096 0.000000 750.480469 0.000000 0.817608 0.000000 0.575776 0.600000 0.600000 0.600000
2773.328369 0.000000 737.032166 0.000000 0.250907 0.000000 0.968011 0.600000 0.600000 0.600000
2774.112305 0.000000 739.393738 0.000000 0.998070 0.000000 0.062098 0.600000 0.600000 0.600000
2762.881348 0.000000 744.033264 0.000000 0.341643 0.000000 -0.939830 0.600000 0.600000 0.600000
2772.905273 0.000000 738.205994 0.000000 0.956088 0.000000 -0.293081 0.600000 0.600000 0.600000
2775.170654 0.000000 737.524597 0.000000 0.923536 0.000000 -0.383511 0.600000 0.600000 0.600000
2752.942871 0.000000 744.877014 0.000000 0.884050 0.000000 -0.467393 0.600000 0.600000 0.600000
2775.982178 0.000000 736.965332 0.000000 0.985819 0.000000 -0.167814 0.600000 0.600000 0.600000
2774.279541 0.000000 737.083374 0.000000 0.142165 0.000000 -0.989843 0.600000 0.600000 0.600000
2798.072510 0.000000 736.500488 0.000000 0.971114 0.000000 -0.238617 0.600000 0.600000 0.600000
2796.049561 0.000000 736.469910 0.000000 0.997460 0.000000 0.071233 0.600000 0.600000 0.600000
2796.833496 0.000000 737.911987 0.000000 0.977282 0.000000 -0.211942 0.600000 0.600000 0.600000
2803.092285 0.000000 735.664856 0.000000 0.955520 0.000000 -0.294926 0.600000 0.600000 0.600000
2827.820312 0.000000 554.896606 0.000000 0.593275 0.000000 0.805000 0.600000 0.600000 0.600000
2816.473633 0.000000 548.462646 0.000000 0.368204 0.000000 -0.929745 0.600000 0.600000 0.600000
2817.768311 0.000000 570.438110 0.000000 0.991392 0.000000 0.130929 0.600000 0.600000 0.600000
2819.765137 0.000000 573.050537 0.000000 0.198723 0.000000 -0.980056 0.600000 0.600000 0.600000
2827.438721 0.000000 556.394409 0.000000 0.998933 0.000000 -0.046181 0.600000 0.600000 0.600000
2829.669678 0.000000 556.926208 0.000000 0.794156 0.000000 0.607714 0.600000 0.600000 0.600000
2818.571045 0.000000 571.653259 0.000000 0.953198 0.000000 0.302347 0.600000 0.600000 0.600000
2815.428467 0.000000 620.138306 0.000000 0.862485 0.000000 0.506083 0.600000 0.600000 0.600000
2817.938965 0.000000 626.713928 0.000000 0.701259 0.000000 -0.712906 0.600000 0.600000 0.600000
2818.103516 0.000000 639.662354 0.000000 0.355375 0.000000 -0.934724 0.600000 0.600000 0.600000
2817.768311 0.000000 634.406860 0.000000 0.553732 0.000000 -0.832695 0.600000 0.600000 0.600000
2817.520996 0.000000 624.206848 0.000000 0.970380 0.000000 0.241584 0.600000 0.600000 0.600000
2819.531006 0.000000 627.660461 0.000000 0.998823 0.000000 -0.048498 0.600000 0.600000 0.600000
2817.057373 0.000000 638.344543 0.000000 0.427629 0.000000 0.903954 0.600000 0.600000 0.600000
2819.765137 0.000000 637.019287 0.000000 0.957303 0.000000 0.289087 0.600000 0.600000 0.600000
2818.938965 0.000000 638.343994 0.000000 0.415441 0.000000 -0.909620 0.600000 0.600000 0.600000
2815.350586 0.000000 623.236206 0.000000 0.705423 0.000000 -0.708786 0.600000 0.600000 0.600000
2816.497070 0.000000 626.093506 0.000000 0.286190 0.000000 -0.958173 0.600000 0.600000 0.600000
2816.682617 0.000000 627.716003 0.000000 0.229131 0.000000 -0.973396 0.600000 0.600000 0.600000
2816.272705 0.000000 634.530579 0.000000 0.670327 0.000000 0.742066 0.600000 0.600000 0.600000
2816.729004 0.000000 637.092896 0.000000 0.389179 0.000000 -0.921162 0.600000 0.600000 0.600000
2815.344971 0.000000 635.042419 0.000000 0.979345 0.000000 0.202195 0.600000 0.600000 0.600000
2870.122803 0.000000 633.924133 0.000000 0.972043 0.000000 0.234804 0.600000 0.600000 0.600000
2871.424072 0.000000 631.796448 0.000000 0.302392 0.000000 0.953184 0.600000 0.600000 0.600000
2871.940430 0.000000 633.474976 0.000000 0.144693 0.000000 0.989477 0.600000 0.600000 0.600000
2870.966309 0.000000 632.829285 0.000000 0.705791 0.000000 -0.708420 0.600000 0.600000 0.600000
2819.395752 0.000000 654.345215 0.000000 0.908377 0.000000 -0.418151 0.600000 0.600000 0.600000
2832.206543 0.000000 650.139771 0.000000 0.467085 0.000000 0.884212 0.600000 0.600000 0.600000
2844.944336 0.000000 652.979797 0.000000 0.127082 0.000000 0.991892 0.600000 0.600000 0.600000
2827.146484 0.000000 664.888855 0.000000 0.974495 0.000000 0.224409 0.600000 0.600000 0.600000
2836.082031 0.000000 647.890259 0.000000 0.292164 0.000000 0.956368 0.600000 0.600000 0.600000
2845.944336 0.000000 657.758301 0.000000 0.026498 0.000000 -0.999649 0.600000 0.600000 0.600000
2842.995850 0.000000 649.948914 0.000000 0.997732 0.000000 -0.067305 0.600000 0.600000 0.600000
2830.668213 0.000000 657.586792 0.000000 0.621642 0.000000 0.783302 0.600000 0.600000 0.600000
2823.103271 0.000000 656.157104 0.000000 0.683250 0.000000 -0.730185 0.600000 0.600000 0.600000
2846.024414 0.000000 650.095581 0.000000 0.500047 0.000000 0.865998 0.600000 0.600000 0.600000
2826.343506 0.000000 661.992981 0.000000 0.865873 0.000000 -0.500265 0.600000 0.600000 0.600000
2841.536133 0.000000 652.234680 0.000000 0.521565 0.000000 0.853212 0.600000 0.600000 0.600000
2817.993164 0.000000 651.846680 0.000000 0.410933 0.000000 0.911666 0.600000 0.600000 0.600000
2836.914795 0.000000 650.573547 0.000000 0.454984 0.000000 -0.890500 0.600000 0.600000 0.600000
2844.461426 0.000000 655.677307 0.000000 0.973507 0.000000 -0.228656 0.600000 0.600000 0.600000
2846.988770 0.000000 667.715454 0.000000 0.999788 0.000000 -0.020606 0.600000 0.600000 0.600000
2833.456299 0.000000 647.959229 0.000000 0.854457 0.000000 0.519522 0.600000 0.600000 0.600000
2838.597168 0.000000 648.349487 0.000000 0.295963 0.000000 0.955199 0.600000 0.600000 0.600000
2837.627686 0.000000 646.013794 0.000000 0.333934 0.000000 -0.942596 0.600000 0.600000 0.600000
2816.485352 0.000000 649.973022 0.000000 0.160903 0.000000 0.986970 0.600000 0.600000 0.600000
2830.097412 0.000000 651.500122 0.000000 0.334287 0.000000 0.942471 0.600000 0.600000 0.600000
2834.554688 0.000000 650.020569 0.000000 0.842367 0.000000 0.538904 0.600000 0.600000 0.600000
2829.096924 0.000000 655.807861 0.000000 0.324258 0.000000 -0.945969 0.600000 0.600000 0.600000
2821.614990 0.000000 654.499878 0.000000 0.957319 0.000000 -0.289033 0.600000 0.600000 0.600000
2838.021240 0.000000 652.618408 0.000000 0.752883 0.000000 -0.658154 0.600000 0.600000 0.600000
2825.198242 0.000000 663.850220 0.000000 0.999367 0.000000 -0.035579 0.600000 0.600000 0.600000
2831.853271 0.000000 655.812439 0.000000 0.411758 0.000000 0.911293 0.600000 0.600000 0.600000
2840.837402 0.000000 649.048767 0.000000 0.999065 0.000000 -0.043233 0.600000 0.600000 0.600000
2844.901855 0.000000 667.461243 0.000000 0.603355 0.000000 0.797473 0.600000 0.600000 0.600000
2840.160156 0.000000 653.874939 0.000000 0.847254 0.000000 0.531189 0.600000 0.600000 0.600000
2824.687500 0.000000 660.861145 0.000000 0.994061 0.000000 -0.108828 0.600000 0.600000 0.600000
2844.488525 0.000000 651.153931 0.000000 0.524868 0.000000 0.851184 0.600000 0.600000 0.600000
2821.203613 0.000000 656.266357 0.000000 0.410546 0.000000 -0.911840 0.600000 0.600000 0.600000
2841.416748 0.000000 650.548279 0.000000 0.180803 0.000000 0.983519 0.600000 0.600000 0.600000
2839.580811 0.000000 652.261658 0.000000 0.820476 0.000000 0.571681 0.600000 0.600000 0.600000
2837.165771 0.000000 649.022461 0.000000 0.450076 0.000000 -0.892990 0.600000 0.600000 0.600000
2819.313477 0.000000 652.744141 0.000000 0.354362 0.000000 0.935108 0.600000 0.600000 0.600000
2842.925293 0.000000 651.574158 0.000000 0.098953 0.000000 -0.995092 0.600000 0.600000 0.600000
2836.576416 0.000000 653.422119 0.000000 0.905846 0.000000 -0.423606 0.600000 0.600000 0.600000
2818.012695 0.000000 653.778381 0.000000 0.737558 0.000000 0.675284 0.600000 0.600000 0.600000
2834.049561 0.000000 651.511047 0.000000 0.037296 0.000000 0.999304 0.600000 0.600000 0.600000
2837.445068 0.000000 647.475525 0.000000 0.846272 0.000000 -0.532751 0.600000 0.600000 0.600000
2844.204590 0.000000 654.244507 0.000000 0.997936 0.000000 -0.064216 0.600000 0.600000 0.600000
2835.588867 0.000000 651.115723 0.000000 0.875095 0.000000 -0.483951 0.600000 0.600000 0.600000
2838.380615 0.000000 649.704041 0.000000 0.527654 0.000000 0.849459 0.600000 0.600000 0.600000
2816.660156 0.000000 651.398254 0.000000 0.694769 0.000000 0.719233 0.600000 0.600000 0.600000
2838.234131 0.000000 651.264771 0.000000 0.170420 0.000000 0.985371 0.600000 0.600000 0.600000
2841.491699 0.000000 653.583069 0.000000 0.641444 0.000000 -0.767170 0.600000 0.600000 0.600000
2833.259277 0.000000 649.290527 0.000000 0.495690 0.000000 0.868500 0.600000 0.600000 0.600000
2836.444580 0.000000 646.619995 0.000000 0.999884 0.000000 -0.015247 0.600000 0.600000 0.600000
2820.526123 0.000000 657.422546 0.000000 0.794633 0.000000 0.607090 0.600000 0.600000 0.600000
2840.510498 0.000000 651.367432 0.000000 0.821369 0.000000 0.570397 0.600000 0.600000 0.600000
2817.332520 0.000000 650.601807 0.000000 0.485648 0.000000 0.874154 0.600000 0.600000 0.600000
2855.838867 0.000000 648.392883 0.000000 0.921212 0.000000 -0.389061 0.600000 0.600000 0.600000
2870.122803 0.000000 665.908508 0.000000 0.987071 0.000000 0.160285 0.600000 0.600000 0.600000
2847.420654 0.000000 652.122681 0.000000 0.932235 0.000000 0.361855 0.600000 0.600000 0.600000
2861.690918 0.000000 647.339722 0.000000 0.548977 0.000000 -0.835837 0.600000 0.600000 0.600000
2858.668945 0.000000 646.844238 0.000000 0.914550 0.000000 0.404473 0.600000 0.600000 0.600000
2878.980957 0.000000 667.715454 0.000000 0.371157 0.000000 -0.928570 0.600000 0.600000 0.600000
2849.433594 0.000000 663.361877 0.000000 0.821701 0.000000 0.569919 0.600000 0.600000 0.600000
2854.104980 0.000000 650.075562 0.000000 0.808816 0.000000 -0.588062 0.600000 0.600000 0.600000
2859.449707 0.000000 644.646606 0.000000 0.285527 0.000000 -0.958371 0.600000 0.600000 0.600000
2847.955078 0.000000 667.953491 0.000000 0.073984 0.000000 -0.997259 0.600000 0.600000 0.600000
2859.947510 0.000000 648.660278 0.000000 0.792068 0.000000 -0.610433 0.600000 0.600000 0.600000
2876.894043 0.000000 667.461243 0.000000 0.255962 0.000000 -0.966687 0.600000 0.600000 0.600000
2873.556885 0.000000 664.953918 0.000000 0.971266 0.000000 -0.237997 0.600000 0.600000 0.600000
2857.695557 0.000000 648.605835 0.000000 0.630518 0.000000 0.776174 0.600000 0.600000 0.600000
2853.558350 0.000000 666.125610 0.000000 0.850082 0.000000 -0.526651 0.600000 0.600000 0.600000
2851.757324 0.000000 669.003662 0.000000 0.090563 0.000000 0.995891 0.600000 0.600000 0.600000
2871.940430 0.000000 665.459351 0.000000 0.999943 0.000000 -0.010663 0.600000 0.600000 0.600000
2850.009277 0.000000 664.827759 0.000000 0.273802 0.000000 0.961786 0.600000 0.600000 0.600000
2856.872559 0.000000 651.941711 0.000000 0.136951 0.000000 -0.990578 0.600000 0.600000 0.600000
2848.264893 0.000000 666.514954 0.000000 0.924299 0.000000 0.381668 0.600000 0.600000 0.600000
2876.605713 0.000000 668.932007 0.000000 0.602988 0.000000 -0.797750 0.600000 0.600000 0.600000
2852.813721 0.000000 650.724304 0.000000 0.668094 0.000000 -0.744077 0.600000 0.600000 0.600000
2855.903320 0.000000 649.789185 0.000000 0.998908 0.000000 -0.046723 0.600000 0.600000 0.600000
2851.184082 0.000000 665.893311 0.000000 0.932604 0.000000 -0.360900 0.600000 0.600000 0.600000
2848.673584 0.000000 664.463623 0.000000 0.862405 0.000000 0.506220 0.600000 0.600000 0.600000
2854.456055 0.000000 648.338562 0.000000 0.994756 0.000000 -0.102273 0.600000 0.600000 0.600000
2849.250732 0.000000 667.599060 0.000000 0.800083 0.000000 -0.599889 0.600000 0.600000 0.600000
2870.966309 0.000000 664.813660 0.000000 0.923836 0.000000 0.382789 0.600000 0.600000 0.600000
2838.379639 0.000000 686.810486 0.000000 0.874208 0.000000 -0.485552 0.600000 0.600000 0.600000
2842.069824 0.000000 686.778748 0.000000 0.220081 0.000000 -0.975482 0.600000 0.600000 0.600000
2828.163086 0.000000 699.560913 0.000000 0.036741 0.000000 -0.999325 0.600000 0.600000 0.600000
2841.536133 0.000000 684.219055 0.000000 0.835732 0.000000 -0.549137 0.600000 0.600000 0.600000
2840.261230 0.000000 688.010010 0.000000 0.999451 0.000000 0.033120 0.600000 0.600000 0.600000
2829.644775 0.000000 697.870117 0.000000 0.968066 0.000000 0.250697 0.600000 0.600000 0.600000
2827.910889 0.000000 701.705017 0.000000 0.614028 0.000000 -0.789285 0.600000 0.600000 0.600000
2840.160156 0.000000 685.859314 0.000000 0.192395 0.000000 -0.981318 0.600000 0.600000 0.600000
2829.667480 0.000000 701.011169 0.000000 0.921818 0.000000 0.387624 0.600000 0.600000 0.600000
2843.118896 0.000000 685.246948 0.000000 0.345772 0.000000 0.938319 0.600000 0.600000 0.600000
2831.413818 0.000000 703.536926 0.000000 0.832796 0.000000 0.553581 0.600000 0.600000 0.600000
2830.742432 0.000000 702.147461 0.000000 0.309879 0.000000 -0.950776 0.600000 0.600000 0.600000
2826.826416 0.000000 700.158447 0.000000 0.341457 0.000000 -0.939897 0.600000 0.600000 0.600000
2828.212402 0.000000 698.097473 0.000000 0.877481 0.000000 -0.479612 0.600000 0.600000 0.600000
2829.585449 0.000000 699.369629 0.000000 0.193527 0.000000 0.981095 0.600000 0.600000 0.600000
2843.065430 0.000000 687.776001 0.000000 0.106309 0.000000 -0.994333 0.600000 0.600000 0.600000
2828.188965 0.000000 703.035645 0.000000 0.716973 0.000000 0.697100 0.600000 0.600000 0.600000
2841.491699 0.000000 685.567444 0.000000 0.114265 0.000000 0.993450 0.600000 0.600000 0.600000
2829.096924 0.000000 702.022827 0.000000 0.598519 0.000000 0.801108 0.600000 0.600000 0.600000
2872.483643 0.000000 701.860779 0.000000 0.722284 0.000000 0.691596 0.600000 0.600000 0.600000
2872.182129 0.000000 678.409729 0.000000 0.999486 0.000000 0.032073 0.600000 0.600000 0.600000
2872.829590 0.000000 681.033142 0.000000 0.072835 0.000000 0.997344 0.600000 0.600000 0.600000
2869.573730 0.000000 703.045044 0.000000 0.041252 0.000000 -0.999149 0.600000 0.600000 0.600000
2876.480713 0.000000 683.138306 0.000000 0.458829 0.000000 0.888525 0.600000 0.600000 0.600000
2873.486084 0.000000 700.572632 0.000000 0.999971 0.000000 -0.007636 0.600000 0.600000 0.600000
2871.182861 0.000000 701.179382 0.000000 0.977653 0.000000 0.210226 0.600000 0.600000 0.600000
2873.589111 0.000000 678.364075 0.000000 0.381038 0.000000 0.924559 0.600000 0.600000 0.600000
2878.481689 0.000000 685.188232 0.000000 0.097098 0.000000 0.995275 0.600000 0.600000 0.600000
2873.146484 0.000000 679.828857 0.000000 0.827755 0.000000 0.561090 0.600000 0.600000 0.600000
2870.486572 0.000000 703.549255 0.000000 0.350236 0.000000 0.936661 0.600000 0.600000 0.600000
2882.693115 0.000000 642.028992 0.000000 0.988346 0.000000 0.152221 0.600000 0.600000 0.600000
2879.947266 0.000000 667.953491 0.000000 0.432765 0.000000 0.901507 0.600000 0.600000 0.600000
2887.984131 0.000000 668.338562 0.000000 0.696940 0.000000 0.717129 0.600000 0.600000 0.600000
2886.108887 0.000000 669.688232 0.000000 0.616429 0.000000 0.787410 0.600000 0.600000 0.600000
2882.242676 0.000000 643.632690 0.000000 0.623532 0.000000 0.781798 0.600000 0.600000 0.600000
2883.908936 0.000000 643.135010 0.000000 0.984944 0.000000 0.172874 0.600000 0.600000 0.600000
2889.032227 0.000000 670.602844 0.000000 0.805522 0.000000 0.592566 0.600000 0.600000 0.600000
2905.143066 0.000000 690.083862 0.000000 0.252558 0.000000 -0.967582 0.600000 0.600000 0.600000
2884.136230 0.000000 676.791870 0.000000 0.721216 0.000000 0.692710 0.600000 0.600000 0.600000
2909.522705 0.000000 693.570801 0.000000 0.999768 0.000000 -0.021542 0.600000 0.600000 0.600000
2879.412842 0.000000 684.107056 0.000000 0.638727 0.000000 -0.769433 0.600000 0.600000 0.600000
2889.116943 0.000000 676.181030 0.000000 0.338281 0.000000 0.941045 0.600000 0.600000 0.600000
2899.217529 0.000000 691.386047 0.000000 0.392758 0.000000 0.919642 0.600000 0.600000 0.600000
2901.903076 0.000000 689.861511 0.000000 0.518782 0.000000 -0.854906 0.600000 0.600000 0.600000
2907.641357 0.000000 691.464600 0.000000 0.963142 0.000000 0.268994 0.600000 0.600000 0.600000
2886.667725 0.000000 677.251587 0.000000 0.949606 0.000000 -0.313447 0.600000 0.600000 0.600000
2885.349854 0.000000 674.472717 0.000000 0.632244 0.000000 0.774770 0.600000 0.600000 0.600000
2904.245605 0.000000 688.010010 0.000000 0.488903 0.000000 0.872338 0.600000 0.600000 0.600000
2900.002686 0.000000 688.883423 0.000000 0.987185 0.000000 -0.159582 0.600000 0.600000 0.600000
2903.382080 0.000000 691.390808 0.000000 0.924819 0.000000 0.380407 0.600000 0.600000 0.600000
2888.062744 0.000000 671.672974 0.000000 0.698941 0.000000 0.715179 0.600000 0.600000 0.600000
2901.196289 0.000000 691.705688 0.000000 0.434249 0.000000 0.900793 0.600000 0.600000 0.600000
2903.555664 0.000000 689.586914 0.000000 0.883352 0.000000 -0.468711 0.600000 0.600000 0.600000
2905.752686 0.000000 688.573486 0.000000 0.705623 0.000000 -0.708588 0.600000 0.600000 0.600000
2901.477783 0.000000 688.203247 0.000000 0.957511 0.000000 -0.288396 0.600000 0.600000 0.600000
2883.297852 0.000000 684.728516 0.000000 0.999984 0.000000 0.005578 0.600000 0.600000 0.600000
2885.541260 0.000000 676.103027 0.000000 0.577246 0.000000 0.816570 0.600000 0.600000 0.600000
2889.840820 0.000000 677.552856 0.000000 0.322320 0.000000 -0.946631 0.600000 0.600000 0.600000
2900.393311 0.000000 690.387573 0.000000 0.852344 0.000000 -0.522982 0.600000 0.600000 0.600000
2879.427734 0.000000 685.613647 0.000000 0.807815 0.000000 -0.589436 0.600000 0.600000 0.600000
2906.179932 0.000000 691.178833 0.000000 0.410489 0.000000 -0.911865 0.600000 0.600000 0.600000
2882.263184 0.000000 682.262817 0.000000 0.941938 0.000000 -0.335788 0.600000 0.600000 0.600000
2883.541016 0.000000 683.301941 0.000000 0.991194 0.000000 -0.132416 0.600000 0.600000 0.600000
2885.284424 0.000000 677.654297 0.000000 0.906669 0.000000 -0.421843 0.600000 0.600000 0.600000
2884.805908 0.000000 682.708679 0.000000 0.918190 0.000000 -0.396141 0.600000 0.600000 0.600000
2908.685547 0.000000 692.396667 0.000000 0.734079 0.000000 0.679064 0.600000 0.600000 0.600000
2902.906006 0.000000 688.294312 0.000000 0.349767 0.000000 -0.936837 0.600000 0.600000 0.600000
2887.980469 0.000000 676.915771 0.000000 0.955997 0.000000 0.293376 0.600000 0.600000 0.600000
2902.190674 0.000000 690.956970 0.000000 0.852296 0.000000 -0.523060 0.600000 0.600000 0.600000
2887.485107 0.000000 677.977173 0.000000 0.945249 0.000000 0.326350 0.600000 0.600000 0.600000
2886.545898 0.000000 676.206055 0.000000 0.691303 0.000000 -0.722565 0.600000 0.600000 0.600000
2903.062744 0.000000 690.474243 0.000000 0.618670 0.000000 -0.785651 0.600000 0.600000 0.600000
2829.496094 0.000000 707.486084 0.000000 0.157398 0.000000 -0.987535 0.600000 0.600000 0.600000
2816.300781 0.000000 725.156189 0.000000 0.976902 0.000000 -0.213688 0.600000 0.600000 0.600000
2832.206543 0.000000 714.108521 0.000000 0.093031 0.000000 -0.995663 0.600000 0.600000 0.600000
2820.998291 0.000000 722.554993 0.000000 0.988767 0.000000 0.149468 0.600000 0.600000 0.600000
2827.820312 0.000000 714.818481 0.000000 0.954162 0.000000 0.299290 0.600000 0.600000 0.600000
2838.255371 0.000000 725.300781 0.000000 0.319216 0.000000 0.947682 0.600000 0.600000 0.600000
2838.379639 0.000000 718.794861 0.000000 0.669601 0.000000 -0.742721 0.600000 0.600000 0.600000
2835.275391 0.000000 716.443970 0.000000 0.562087 0.000000 0.827078 0.600000 0.600000 0.600000
2823.103271 0.000000 720.125854 0.000000 0.958125 0.000000 0.286349 0.600000 0.600000 0.600000
2837.918701 0.000000 721.845886 0.000000 0.564097 0.000000 -0.825709 0.600000 0.600000 0.600000
2830.064697 0.000000 704.516113 0.000000 0.544075 0.000000 -0.839036 0.600000 0.600000 0.600000
2817.938965 0.000000 722.667053 0.000000 0.286735 0.000000 -0.958010 0.600000 0.600000 0.600000
2820.493164 0.000000 734.497742 0.000000 0.809848 0.000000 -0.586640 0.600000 0.600000 0.600000
2832.859375 0.000000 716.456726 0.000000 0.935024 0.000000 0.354585 0.600000 0.600000 0.600000
2822.995850 0.000000 723.980652 0.000000 0.751594 0.000000 -0.659626 0.600000 0.600000 0.600000
2828.405518 0.000000 717.571594 0.000000 0.844030 0.000000 0.536296 0.600000 0.600000 0.600000
2835.890625 0.000000 718.729004 0.000000 0.674027 0.000000 0.738707 0.600000 0.600000 0.600000
2823.202881 0.000000 722.100281 0.000000 0.979319 0.000000 -0.202321 0.600000 0.600000 0.600000
2817.947021 0.000000 724.487732 0.000000 0.698659 0.000000 -0.715455 0.600000 0.600000 0.600000
2839.571289 0.000000 721.571289 0.000000 0.969678 0.000000 -0.244386 0.600000 0.600000 0.600000
2831.568359 0.000000 704.302673 0.000000 0.982786 0.000000 -0.184746 0.600000 0.600000 0.600000
2836.576416 0.000000 717.390869 0.000000 0.091592 0.000000 0.995797 0.600000 0.600000 0.600000
2829.166260 0.000000 714.398682 0.000000 0.160159 0.000000 -0.987091 0.600000 0.600000 0.600000
2822.087891 0.000000 721.287659 0.000000 0.484369 0.000000 0.874864 0.600000 0.600000 0.600000
2821.842529 0.000000 734.999084 0.000000 0.242636 0.000000 0.970117 0.600000 0.600000 0.600000
2826.759521 0.000000 705.019958 0.000000 0.981753 0.000000 -0.190159 0.600000 0.600000 0.600000
2839.620605 0.000000 724.665771 0.000000 0.135885 0.000000 -0.990725 0.600000 0.600000 0.600000
2835.203369 0.000000 719.878662 0.000000 0.974600 0.000000 -0.223953 0.600000 0.600000 0.600000
2829.000488 0.000000 703.672485 0.000000 0.477692 0.000000 0.878528 0.600000 0.600000 0.600000
2831.150879 0.000000 705.442322 0.000000 0.143067 0.000000 -0.989713 0.600000 0.600000 0.600000
2835.071777 0.000000 717.665894 0.000000 0.059666 0.000000 0.998218 0.600000 0.600000 0.600000
2839.595703 0.000000 718.944580 0.000000 0.183869 0.000000 0.982951 0.600000 0.600000 0.600000
2834.110352 0.000000 716.787842 0.000000 0.356592 0.000000 -0.934260 0.600000 0.600000 0.600000
2832.142090 0.000000 715.340332 0.000000 0.664147 0.000000 0.747602 0.600000 0.600000 0.600000
2837.217529 0.000000 718.544983 0.000000 0.890293 0.000000 -0.455388 0.600000 0.600000 0.600000
2815.332275 0.000000 732.942688 0.000000 0.745211 0.000000 -0.666829 0.600000 0.600000 0.600000
2836.404785 0.000000 719.764709 0.000000 0.997602 0.000000 0.069210 0.600000 0.600000 0.600000
2827.790039 0.000000 705.544861 0.000000 0.672495 0.000000 -0.740102 0.600000 0.600000 0.600000
2834.306152 0.000000 719.185181 0.000000 0.930493 0.000000 0.366308 0.600000 0.600000 0.600000
2837.727295 0.000000 717.588074 0.000000 0.994859 0.000000 0.101274 0.600000 0.600000 0.600000
2865.904297 0.000000 726.609070 0.000000 0.130755 0.000000 0.991415 0.600000 0.600000 0.600000
2860.787598 0.000000 724.553345 0.000000 0.933391 0.000000 -0.358862 0.600000 0.600000 0.600000
2862.959717 0.000000 731.616211 0.000000 0.535531 0.000000 -0.844515 0.600000 0.600000 0.600000
2859.138672 0.000000 728.857605 0.000000 0.991770 0.000000 -0.128030 0.600000 0.600000 0.600000
2865.065430 0.000000 709.225891 0.000000 0.992008 0.000000 -0.126172 0.600000 0.600000 0.600000
2864.135986 0.000000 724.085022 0.000000 0.572757 0.000000 0.819726 0.600000 0.600000 0.600000
2860.155273 0.000000 731.545288 0.000000 0.995635 0.000000 0.093334 0.600000 0.600000 0.600000
2865.448486 0.000000 711.927979 0.000000 0.723093 0.000000 0.690751 0.600000 0.600000 0.600000
2864.518799 0.000000 729.647095 0.000000 0.739551 0.000000 -0.673100 0.600000 0.600000 0.600000
2862.665771 0.000000 725.747437 0.000000 0.685551 0.000000 -0.728025 0.600000 0.600000 0.600000
2862.843018 0.000000 709.359558 0.000000 0.863226 0.000000 -0.504817 0.600000 0.600000 0.600000
2861.636963 0.000000 729.854492 0.000000 0.691532 0.000000 -0.722346 0.600000 0.600000 0.600000
2865.942871 0.000000 724.790222 0.000000 0.952784 0.000000 -0.303649 0.600000 0.600000 0.600000
2864.174805 0.000000 727.126648 0.000000 0.900462 0.000000 0.434934 0.600000 0.600000 0.600000
2869.461182 0.000000 703.730896 0.000000 0.328866 0.000000 0.944376 0.600000 0.600000 0.600000
2860.775879 0.000000 728.400574 0.000000 0.909791 0.000000 0.415066 0.600000 0.600000 0.600000
2865.377930 0.000000 728.137085 0.000000 0.540385 0.000000 -0.841418 0.600000 0.600000 0.600000
2864.654541 0.000000 725.725342 0.000000 0.829943 0.000000 -0.557848 0.600000 0.600000 0.600000
2863.823730 0.000000 732.870056 0.000000 0.822060 0.000000 0.569401 0.600000 0.600000 0.600000
2863.085205 0.000000 730.102234 0.000000 0.325950 0.000000 -0.945387 0.600000 0.600000 0.600000
2861.331299 0.000000 725.689575 0.000000 0.983627 0.000000 -0.180217 0.600000 0.600000 0.600000
2862.018066 0.000000 724.673767 0.000000 0.524876 0.000000 0.851179 0.600000 0.600000 0.600000
2862.660889 0.000000 710.624451 0.000000 0.949816 0.000000 -0.312810 0.600000 0.600000 0.600000
2863.681641 0.000000 725.151978 0.000000 0.357369 0.000000 -0.933963 0.600000 0.600000 0.600000
2863.688477 0.000000 710.063843 0.000000 0.642984 0.000000 -0.765880 0.600000 0.600000 0.600000
2863.025391 0.000000 724.284851 0.000000 0.989273 0.000000 0.146077 0.600000 0.600000 0.600000
2832.206543 0.000000 746.092896 0.000000 0.544985 0.000000 -0.838446 0.600000 0.600000 0.600000
2844.944336 0.000000 748.932922 0.000000 0.228396 0.000000 -0.973568 0.600000 0.600000 0.600000
2830.779053 0.000000 749.765930 0.000000 0.852084 0.000000 -0.523405 0.600000 0.600000 0.600000
2846.024414 0.000000 746.048706 0.000000 0.631639 0.000000 -0.775263 0.600000 0.600000 0.600000
2830.097412 0.000000 747.453247 0.000000 0.944128 0.000000 -0.329580 0.600000 0.600000 0.600000
2834.554688 0.000000 745.973694 0.000000 0.793224 0.000000 0.608930 0.600000 0.600000 0.600000
2840.837402 0.000000 745.001892 0.000000 0.996870 0.000000 0.079059 0.600000 0.600000 0.600000
2844.488525 0.000000 747.107056 0.000000 0.130755 0.000000 0.991415 0.600000 0.600000 0.600000
2846.638916 0.000000 747.794495 0.000000 0.078368 0.000000 -0.996925 0.600000 0.600000 0.600000
2837.165771 0.000000 744.975586 0.000000 0.920351 0.000000 0.391094 0.600000 0.600000 0.600000
2833.259277 0.000000 745.243652 0.000000 0.314182 0.000000 0.949363 0.600000 0.600000 0.600000
2832.142090 0.000000 747.324707 0.000000 0.342757 0.000000 -0.939424 0.600000 0.600000 0.600000
2833.446533 0.000000 746.401733 0.000000 0.952306 0.000000 -0.305145 0.600000 0.600000 0.600000
2847.420654 0.000000 748.075806 0.000000 0.302479 0.000000 0.953156 0.600000 0.600000 0.600000
2862.056885 0.000000 736.500488 0.000000 0.945279 0.000000 -0.326263 0.600000 0.600000 0.600000
2859.045898 0.000000 738.289856 0.000000 0.727870 0.000000 -0.685715 0.600000 0.600000 0.600000
2857.243408 0.000000 746.376282 0.000000 0.560956 0.000000 0.827846 0.600000 0.600000 0.600000
2854.104980 0.000000 746.028687 0.000000 0.807898 0.000000 0.589322 0.600000 0.600000 0.600000
2860.033936 0.000000 736.469910 0.000000 0.625029 0.000000 0.780602 0.600000 0.600000 0.600000
2855.610107 0.000000 747.146790 0.000000 0.819602 0.000000 0.572934 0.600000 0.600000 0.600000
2860.817871 0.000000 737.911987 0.000000 0.096540 0.000000 -0.995329 0.600000 0.600000 0.600000
2863.560547 0.000000 736.287048 0.000000 0.467046 0.000000 0.884233 0.600000 0.600000 0.600000
2909.522705 0.000000 725.555176 0.000000 0.061959 0.000000 0.998079 0.600000 0.600000 0.600000
2913.417969 0.000000 727.330627 0.000000 0.994705 0.000000 0.102766 0.600000 0.600000 0.600000
2919.976318 0.000000 732.307312 0.000000 0.997524 0.000000 -0.070329 0.600000 0.600000 0.600000
2918.101074 0.000000 733.656982 0.000000 0.827266 0.000000 -0.561810 0.600000 0.600000 0.600000
2915.080322 0.000000 726.974365 0.000000 0.753287 0.000000 0.657692 0.600000 0.600000 0.600000
2916.749756 0.000000 732.165833 0.000000 0.929039 0.000000 0.369983 0.600000 0.600000 0.600000
2916.905273 0.000000 733.354004 0.000000 0.611604 0.000000 -0.791164 0.600000 0.600000 0.600000
2935.426270 0.000000 746.608459 0.000000 0.467902 0.000000 -0.883781 0.600000 0.600000 0.600000
2922.774414 0.000000 751.351868 0.000000 0.509513 0.000000 0.860463 0.600000 0.600000 0.600000
2937.135254 0.000000 754.052612 0.000000 0.621335 0.000000 -0.783545 0.600000 0.600000 0.600000
2940.920898 0.000000 748.932922 0.000000 0.313471 0.000000 0.949598 0.600000 0.600000 0.600000
2923.796875 0.000000 746.802856 0.000000 0.956661 0.000000 -0.291204 0.600000 0.600000 0.600000
2921.109131 0.000000 740.149780 0.000000 0.772390 0.000000 0.635148 0.600000 0.600000 0.600000
2934.356201 0.000000 750.779236 0.000000 0.953158 0.000000 0.302471 0.600000 0.600000 0.600000
2919.391113 0.000000 748.930176 0.000000 0.680547 0.000000 0.732704 0.600000 0.600000 0.600000
2926.755615 0.000000 749.765930 0.000000 0.154509 0.000000 0.987991 0.600000 0.600000 0.600000
2925.675293 0.000000 743.292847 0.000000 0.012296 0.000000 0.999924 0.600000 0.600000 0.600000
2926.644775 0.000000 753.539917 0.000000 0.562977 0.000000 0.826473 0.600000 0.600000 0.600000
2922.653320 0.000000 742.797363 0.000000 0.937631 0.000000 -0.347632 0.600000 0.600000 0.600000
2939.633545 0.000000 755.433350 0.000000 0.981480 0.000000 0.191563 0.600000 0.600000 0.600000
2923.030273 0.000000 738.289856 0.000000 0.790428 0.000000 -0.612555 0.600000 0.600000 0.600000
2937.512695 0.000000 748.187805 0.000000 0.955806 0.000000 -0.293999 0.600000 0.600000 0.600000
2932.891357 0.000000 746.526672 0.000000 0.652514 0.000000 -0.757776 0.600000 0.600000 0.600000
2923.434082 0.000000 740.599731 0.000000 0.536944 0.000000 0.843618 0.600000 0.600000 0.600000
2926.101807 0.000000 745.344116 0.000000 0.820133 0.000000 -0.572173 0.600000 0.600000 0.600000
2921.833008 0.000000 741.521606 0.000000 0.414487 0.000000 0.910055 0.600000 0.600000 0.600000
2930.026123 0.000000 747.464172 0.000000 0.917959 0.000000 -0.396675 0.600000 0.600000 0.600000
2920.666504 0.000000 738.681396 0.000000 0.741453 0.000000 0.671004 0.600000 0.600000 0.600000
2927.492676 0.000000 744.783630 0.000000 0.942946 0.000000 -0.332947 0.600000 0.600000 0.600000
2923.594971 0.000000 741.869019 0.000000 0.888042 0.000000 0.459762 0.600000 0.600000 0.600000
2961.880859 0.000000 694.624695 0.000000 0.136754 0.000000 -0.990605 0.600000 0.600000 0.600000
2969.127441 0.000000 690.083862 0.000000 0.767080 0.000000 0.641551 0.600000 0.600000 0.600000
2956.764160 0.000000 692.568970 0.000000 0.949022 0.000000 0.315209 0.600000 0.600000 0.600000
2973.507080 0.000000 693.570801 0.000000 0.305895 0.000000 -0.952065 0.600000 0.600000 0.600000
2953.092773 0.000000 690.776245 0.000000 0.232579 0.000000 0.972578 0.600000 0.600000 0.600000
2958.628418 0.000000 695.999207 0.000000 0.824420 0.000000 0.565978 0.600000 0.600000 0.600000
2962.754150 0.000000 697.859497 0.000000 0.733834 0.000000 0.679329 0.600000 0.600000 0.600000
2971.625732 0.000000 691.464600 0.000000 0.449307 0.000000 0.893377 0.600000 0.600000 0.600000
2954.312256 0.000000 693.977356 0.000000 0.396771 0.000000 0.917918 0.600000 0.600000 0.600000
2969.214355 0.000000 692.519470 0.000000 0.555911 0.000000 0.831241 0.600000 0.600000 0.600000
2956.406006 0.000000 694.858521 0.000000 0.124102 0.000000 0.992269 0.600000 0.600000 0.600000
2958.642334 0.000000 693.763062 0.000000 0.343187 0.000000 0.939267 0.600000 0.600000 0.600000
2953.166992 0.000000 695.834595 0.000000 0.478722 0.000000 -0.877966 0.600000 0.600000 0.600000
2971.167480 0.000000 689.312500 0.000000 0.844984 0.000000 -0.534791 0.600000 0.600000 0.600000
2971.422607 0.000000 693.545105 0.000000 0.570106 0.000000 -0.821571 0.600000 0.600000 0.600000
2952.656250 0.000000 692.845520 0.000000 0.009495 0.000000 -0.999955 0.600000 0.600000 0.600000
2960.151367 0.000000 695.142273 0.000000 0.999991 0.000000 -0.004308 0.600000 0.600000 0.600000
2962.895264 0.000000 696.014587 0.000000 0.979049 0.000000 0.203626 0.600000 0.600000 0.600000
2964.456543 0.000000 697.427673 0.000000 0.794225 0.000000 0.607623 0.600000 0.600000 0.600000
2970.714355 0.000000 695.985229 0.000000 0.321154 0.000000 0.947027 0.600000 0.600000 0.600000
2970.164307 0.000000 691.178833 0.000000 0.324828 0.000000 -0.945773 0.600000 0.600000 0.600000
2955.676758 0.000000 693.507019 0.000000 0.293783 0.000000 -0.955872 0.600000 0.600000 0.600000
2963.246826 0.000000 694.677551 0.000000 0.591517 0.000000 0.806293 0.600000 0.600000 0.600000
2952.999756 0.000000 694.365906 0.000000 0.724909 0.000000 -0.688845 0.600000 0.600000 0.600000
2957.812256 0.000000 694.894775 0.000000 0.733698 0.000000 0.679476 0.600000 0.600000 0.600000
2970.606445 0.000000 692.454407 0.000000 0.987452 0.000000 -0.157922 0.600000 0.600000 0.600000
2970.020752 0.000000 693.601135 0.000000 0.135746 0.000000 -0.990744 0.600000 0.600000 0.600000
2957.307861 0.000000 693.705200 0.000000 0.329084 0.000000 0.944301 0.600000 0.600000 0.600000
2959.048828 0.000000 694.856934 0.000000 0.870121 0.000000 -0.492839 0.600000 0.600000 0.600000
2959.658203 0.000000 693.167603 0.000000 0.768642 0.000000 0.639680 0.600000 0.600000 0.600000
2953.931396 0.000000 695.031433 0.000000 0.861342 0.000000 0.508026 0.600000 0.600000 0.600000
2963.464844 0.000000 696.964050 0.000000 0.884968 0.000000 0.465652 0.600000 0.600000 0.600000
2954.062744 0.000000 692.921997 0.000000 0.126337 0.000000 0.991987 0.600000 0.600000 0.600000
2959.001953 0.000000 692.300476 0.000000 0.076647 0.000000 0.997058 0.600000 0.600000 0.600000
2952.277344 0.000000 695.115173 0.000000 0.987349 0.000000 -0.158563 0.600000 0.600000 0.600000
2960.874756 0.000000 692.783630 0.000000 0.650325 0.000000 -0.759656 0.600000 0.600000 0.600000
2971.042236 0.000000 690.640625 0.000000 0.999916 0.000000 0.012990 0.600000 0.600000 0.600000
2957.649170 0.000000 695.930542 0.000000 0.999822 0.000000 0.018890 0.600000 0.600000 0.600000
2952.269287 0.000000 693.739990 0.000000 0.943429 0.000000 0.331576 0.600000 0.600000 0.600000
2986.758789 0.000000 687.383118 0.000000 0.666893 0.000000 -0.745153 0.600000 0.600000 0.600000
2979.676025 0.000000 681.832275 0.000000 0.763980 0.000000 0.645240 0.600000 0.600000 0.600000
2990.739990 0.000000 685.797180 0.000000 0.782351 0.000000 -0.622838 0.600000 0.600000 0.600000
2992.820312 0.000000 684.472351 0.000000 0.324879 0.000000 -0.945756 0.600000 0.600000 0.600000
2988.366455 0.000000 685.587219 0.000000 0.985735 0.000000 0.168304 0.600000 0.600000 0.600000
2989.057861 0.000000 687.792236 0.000000 0.789215 0.000000 0.614117 0.600000 0.600000 0.600000
2991.814209 0.000000 687.796814 0.000000 0.149252 0.000000 -0.988799 0.600000 0.600000 0.600000
2978.019775 0.000000 680.829590 0.000000 0.412451 0.000000 0.910980 0.600000 0.600000 0.600000
2979.848877 0.000000 680.267578 0.000000 0.487245 0.000000 0.873265 0.600000 0.600000 0.600000
2980.017090 0.000000 678.312683 0.000000 0.027135 0.000000 0.999632 0.600000 0.600000 0.600000
2991.320068 0.000000 684.318054 0.000000 0.551995 0.000000 -0.833847 0.600000 0.600000 0.600000
2983.195801 0.000000 686.410461 0.000000 0.286058 0.000000 -0.958212 0.600000 0.600000 0.600000
2989.630615 0.000000 684.863708 0.000000 0.526204 0.000000 -0.850358 0.600000 0.600000 0.600000
2988.015625 0.000000 686.897156 0.000000 0.781959 0.000000 0.623330 0.600000 0.600000 0.600000
2989.368408 0.000000 686.511719 0.000000 0.999999 0.000000 0.001267 0.600000 0.600000 0.600000
2991.974854 0.000000 685.207642 0.000000 0.613711 0.000000 0.789531 0.600000 0.600000 0.600000
2983.066162 0.000000 684.018066 0.000000 0.351672 0.000000 0.936123 0.600000 0.600000 0.600000
2973.553711 0.000000 734.009216 0.000000 0.889523 0.000000 0.456891 0.600000 0.600000 0.600000
2974.361816 0.000000 729.192871 0.000000 0.171868 0.000000 0.985120 0.600000 0.600000 0.600000
2972.038330 0.000000 734.815979 0.000000 0.764136 0.000000 -0.645055 0.600000 0.600000 0.600000
2975.026123 0.000000 728.205688 0.000000 0.316985 0.000000 -0.948430 0.600000 0.600000 0.600000
2978.054443 0.000000 732.927063 0.000000 0.640608 0.000000 -0.767868 0.600000 0.600000 0.600000
2975.524414 0.000000 729.208069 0.000000 0.945387 0.000000 0.325951 0.600000 0.600000 0.600000
2975.324951 0.000000 734.184631 0.000000 0.244662 0.000000 0.969608 0.600000 0.600000 0.600000
2978.064453 0.000000 735.615479 0.000000 0.134741 0.000000 -0.990881 0.600000 0.600000 0.600000
2979.726074 0.000000 732.972412 0.000000 0.967400 0.000000 0.253253 0.600000 0.600000 0.600000
2978.899902 0.000000 734.297119 0.000000 0.998341 0.000000 -0.057575 0.600000 0.600000 0.600000
2967.418457 0.000000 746.608459 0.000000 0.113815 0.000000 -0.993502 0.600000 0.600000 0.600000
2970.805420 0.000000 736.016846 0.000000 0.982765 0.000000 0.184857 0.600000 0.600000 0.600000
2972.483887 0.000000 742.402283 0.000000 0.698327 0.000000 -0.715779 0.600000 0.600000 0.600000
2972.913086 0.000000 748.932922 0.000000 0.634797 0.000000 0.772679 0.600000 0.600000 0.600000
2966.099365 0.000000 761.861633 0.000000 0.906999 0.000000 0.421133 0.600000 0.600000 0.600000
2973.553711 0.000000 765.993591 0.000000 0.462455 0.000000 0.886643 0.600000 0.600000 0.600000
2973.507080 0.000000 757.539551 0.000000 0.991612 0.000000 -0.129247 0.600000 0.600000 0.600000
2966.348389 0.000000 750.779236 0.000000 0.190573 0.000000 -0.981673 0.600000 0.600000 0.600000
2969.615723 0.000000 758.794250 0.000000 0.176161 0.000000 0.984361 0.600000 0.600000 0.600000
2973.110596 0.000000 738.828918 0.000000 0.834286 0.000000 0.551332 0.600000 0.600000 0.600000
2970.038574 0.000000 750.747498 0.000000 0.851033 0.000000 -0.525113 0.600000 0.600000 0.600000
2965.887451 0.000000 753.830261 0.000000 0.855201 0.000000 0.518296 0.600000 0.600000 0.600000
2968.866943 0.000000 762.916565 0.000000 0.663080 0.000000 0.748549 0.600000 0.600000 0.600000
2974.101807 0.000000 736.043945 0.000000 0.670827 0.000000 -0.741614 0.600000 0.600000 0.600000
2967.400635 0.000000 759.733948 0.000000 0.728122 0.000000 0.685448 0.600000 0.600000 0.600000
2970.335205 0.000000 743.529846 0.000000 0.969593 0.000000 0.244725 0.600000 0.600000 0.600000
2970.626709 0.000000 741.271667 0.000000 0.995925 0.000000 0.090182 0.600000 0.600000 0.600000
2968.806152 0.000000 745.001892 0.000000 0.999540 0.000000 0.030313 0.600000 0.600000 0.600000
2967.366455 0.000000 755.359558 0.000000 0.763335 0.000000 0.646003 0.600000 0.600000 0.600000
2969.533447 0.000000 760.907043 0.000000 0.800946 0.000000 -0.598736 0.600000 0.600000 0.600000
2974.433350 0.000000 755.707764 0.000000 0.519651 0.000000 0.854379 0.600000 0.600000 0.600000
2971.422607 0.000000 757.513855 0.000000 0.898187 0.000000 -0.439614 0.600000 0.600000 0.600000
2968.128906 0.000000 749.828064 0.000000 0.997236 0.000000 0.074294 0.600000 0.600000 0.600000
2971.231201 0.000000 737.917480 0.000000 0.372287 0.000000 0.928118 0.600000 0.600000 0.600000
2971.087646 0.000000 749.215698 0.000000 0.927917 0.000000 0.372788 0.600000 0.600000 0.600000
2974.871094 0.000000 739.091614 0.000000 0.999771 0.000000 0.021421 0.600000 0.600000 0.600000
2971.532227 0.000000 739.736694 0.000000 0.146692 0.000000 0.989182 0.600000 0.600000 0.600000
2972.467285 0.000000 736.624756 0.000000 0.422374 0.000000 -0.906422 0.600000 0.600000 0.600000
2968.783447 0.000000 740.723877 0.000000 0.364602 0.000000 0.931163 0.600000 0.600000 0.600000
2967.916992 0.000000 761.412476 0.000000 0.922592 0.000000 -0.385778 0.600000 0.600000 0.600000
2967.540039 0.000000 753.555664 0.000000 0.922000 0.000000 0.387190 0.600000 0.600000 0.600000
2969.737061 0.000000 752.542236 0.000000 0.542509 0.000000 0.840050 0.600000 0.600000 0.600000
2969.385498 0.000000 746.501404 0.000000 0.999353 0.000000 0.035965 0.600000 0.600000 0.600000
2967.549561 0.000000 748.214783 0.000000 0.819189 0.000000 0.573523 0.600000 0.600000 0.600000
2970.463867 0.000000 763.021301 0.000000 0.994673 0.000000 0.103080 0.600000 0.600000 0.600000
2964.377686 0.000000 754.356323 0.000000 0.906579 0.000000 0.422036 0.600000 0.600000 0.600000
2972.669922 0.000000 756.365417 0.000000 0.529976 0.000000 -0.848013 0.600000 0.600000 0.600000
2966.890381 0.000000 752.263062 0.000000 0.848585 0.000000 -0.529059 0.600000 0.600000 0.600000
2969.460449 0.000000 749.536194 0.000000 0.771765 0.000000 -0.635908 0.600000 0.600000 0.600000
2966.897461 0.000000 749.665894 0.000000 0.981339 0.000000 -0.192286 0.600000 0.600000 0.600000
2971.768066 0.000000 760.627075 0.000000 0.866113 0.000000 0.499847 0.600000 0.600000 0.600000
2971.899902 0.000000 748.219360 0.000000 0.286293 0.000000 -0.958142 0.600000 0.600000 0.600000
2973.391113 0.000000 739.987732 0.000000 0.561354 0.000000 -0.827576 0.600000 0.600000 0.600000
2970.630127 0.000000 761.163757 0.000000 0.430477 0.000000 -0.902601 0.600000 0.600000 0.600000
2964.852051 0.000000 762.462280 0.000000 0.958012 0.000000 -0.286728 0.600000 0.600000 0.600000
2969.882324 0.000000 738.201904 0.000000 0.940232 0.000000 0.340534 0.600000 0.600000 0.600000
2972.644287 0.000000 762.349487 0.000000 0.376702 0.000000 0.926335 0.600000 0.600000 0.600000
2970.801514 0.000000 738.921326 0.000000 0.038003 0.000000 0.999278 0.600000 0.600000 0.600000
2971.976807 0.000000 738.750854 0.000000 0.311770 0.000000 0.950158 0.600000 0.600000 0.600000
2968.867432 0.000000 738.584045 0.000000 0.650101 0.000000 -0.759848 0.600000 0.600000 0.600000
2975.462158 0.000000 737.285095 0.000000 0.664022 0.000000 -0.747713 0.600000 0.600000 0.600000
2979.553955 0.000000 760.568359 0.000000 0.564176 0.000000 0.825655 0.600000 0.600000 0.600000
2990.739990 0.000000 749.765930 0.000000 0.999926 0.000000 0.012191 0.600000 0.600000 0.600000
2990.620605 0.000000 759.967957 0.000000 0.839734 0.000000 -0.542998 0.600000 0.600000 0.600000
2978.669678 0.000000 737.982117 0.000000 0.396979 0.000000 -0.917828 0.600000 0.600000 0.600000
2987.975342 0.000000 754.000793 0.000000 0.970824 0.000000 -0.239794 0.600000 0.600000 0.600000
2978.687744 0.000000 743.089233 0.000000 0.043774 0.000000 -0.999041 0.600000 0.600000 0.600000
2985.212158 0.000000 746.376282 0.000000 0.124598 0.000000 0.992207 0.600000 0.600000 0.600000
2988.366455 0.000000 749.555969 0.000000 0.011292 0.000000 0.999936 0.600000 0.600000 0.600000
2990.058350 0.000000 747.453247 0.000000 0.765108 0.000000 -0.643902 0.600000 0.600000 0.600000
2975.291016 0.000000 755.035889 0.000000 0.113983 0.000000 -0.993483 0.600000 0.600000 0.600000
2987.916260 0.000000 744.613403 0.000000 0.242764 0.000000 0.970085 0.600000 0.600000 0.600000
2978.269531 0.000000 741.223938 0.000000 0.937894 0.000000 -0.346921 0.600000 0.600000 0.600000
2975.336426 0.000000 741.881470 0.000000 0.346222 0.000000 0.938153 0.600000 0.600000 0.600000
2979.317139 0.000000 736.307678 0.000000 0.789188 0.000000 0.614152 0.600000 0.600000 0.600000
2987.668945 0.000000 757.475769 0.000000 0.689452 0.000000 0.724331 0.600000 0.600000 0.600000
2986.400635 0.000000 747.197144 0.000000 0.734217 0.000000 0.678915 0.600000 0.600000 0.600000
2978.531982 0.000000 763.559509 0.000000 0.531947 0.000000 0.846778 0.600000 0.600000 0.600000
2979.152832 0.000000 761.846436 0.000000 0.905049 0.000000 0.425308 0.600000 0.600000 0.600000
2986.054932 0.000000 756.890747 0.000000 0.069870 0.000000 -0.997556 0.600000 0.600000 0.600000
"}
