object={
	name="charo_hidden_grave_pine_generator_3_0"
	render_pass=Map
	clamp_to_water_level=no
	generated_content=yes
	layer="tree_high_layer"
	pdxmesh="charo_hidden_grave_pine_c_mesh"
	count=477
	transform="2715.661133 0.000000 761.811096 0.000000 0.533694 0.000000 0.845678 0.600000 0.600000 0.600000
2718.424316 0.000000 761.177246 0.000000 0.126907 0.000000 0.991915 0.600000 0.600000 0.600000
2719.020020 0.000000 763.668579 0.000000 0.960256 0.000000 -0.279122 0.600000 0.600000 0.600000
2716.957520 0.000000 761.176147 0.000000 0.998233 0.000000 0.059426 0.600000 0.600000 0.600000
2722.116943 0.000000 764.911438 0.000000 0.811737 0.000000 0.584023 0.600000 0.600000 0.600000
2727.555420 0.000000 758.313721 0.000000 0.770996 0.000000 0.636840 0.600000 0.600000 0.600000
2749.608398 0.000000 765.993591 0.000000 0.933782 0.000000 -0.357844 0.600000 0.600000 0.600000
2723.616455 0.000000 760.568359 0.000000 0.066329 0.000000 -0.997798 0.600000 0.600000 0.600000
2731.169922 0.000000 760.841980 0.000000 0.690947 0.000000 0.722905 0.600000 0.600000 0.600000
2719.586914 0.000000 761.192444 0.000000 0.993005 0.000000 0.118074 0.600000 0.600000 0.600000
2726.049072 0.000000 763.857666 0.000000 0.998994 0.000000 0.044838 0.600000 0.600000 0.600000
2724.516602 0.000000 766.482117 0.000000 0.502434 0.000000 -0.864615 0.600000 0.600000 0.600000
2740.638916 0.000000 759.551819 0.000000 0.384470 0.000000 -0.923137 0.600000 0.600000 0.600000
2722.126953 0.000000 767.599854 0.000000 0.847426 0.000000 -0.530913 0.600000 0.600000 0.600000
2751.012207 0.000000 763.668579 0.000000 0.204101 0.000000 -0.978950 0.600000 0.600000 0.600000
2748.167969 0.000000 759.481934 0.000000 0.003834 0.000000 0.999993 0.600000 0.600000 0.600000
2719.986328 0.000000 763.906616 0.000000 0.928034 0.000000 0.372495 0.600000 0.600000 0.600000
2729.221680 0.000000 759.803345 0.000000 0.869152 0.000000 -0.494546 0.600000 0.600000 0.600000
2751.127197 0.000000 759.059753 0.000000 0.623580 0.000000 0.781759 0.600000 0.600000 0.600000
2725.364746 0.000000 758.461609 0.000000 0.616680 0.000000 0.787214 0.600000 0.600000 0.600000
2748.925293 0.000000 763.414368 0.000000 0.274668 0.000000 0.961539 0.600000 0.600000 0.600000
2738.949951 0.000000 759.983337 0.000000 0.197721 0.000000 -0.980258 0.600000 0.600000 0.600000
2740.511230 0.000000 761.396423 0.000000 0.837316 0.000000 0.546719 0.600000 0.600000 0.600000
2749.657471 0.000000 759.858521 0.000000 0.775427 0.000000 0.631437 0.600000 0.600000 0.600000
2741.903809 0.000000 760.366455 0.000000 0.799721 0.000000 0.600371 0.600000 0.600000 0.600000
2731.033936 0.000000 759.311035 0.000000 0.437464 0.000000 -0.899236 0.600000 0.600000 0.600000
2748.636963 0.000000 764.885132 0.000000 0.787615 0.000000 -0.616168 0.600000 0.600000 0.600000
2729.753662 0.000000 761.362915 0.000000 0.743525 0.000000 -0.668708 0.600000 0.600000 0.600000
2748.949707 0.000000 761.176147 0.000000 0.980939 0.000000 -0.194316 0.600000 0.600000 0.600000
2750.566895 0.000000 764.973145 0.000000 0.105227 0.000000 -0.994448 0.600000 0.600000 0.600000
2729.054443 0.000000 758.334656 0.000000 0.970523 0.000000 0.241010 0.600000 0.600000 0.600000
2738.066406 0.000000 762.980164 0.000000 0.703565 0.000000 0.710631 0.600000 0.600000 0.600000
2727.204102 0.000000 761.377991 0.000000 0.335606 0.000000 -0.942003 0.600000 0.600000 0.600000
2728.646240 0.000000 760.785339 0.000000 0.878932 0.000000 -0.476948 0.600000 0.600000 0.600000
2739.519531 0.000000 760.932800 0.000000 0.144411 0.000000 -0.989518 0.600000 0.600000 0.600000
2750.734863 0.000000 758.026611 0.000000 0.554459 0.000000 0.832211 0.600000 0.600000 0.600000
2775.465332 0.000000 746.608459 0.000000 0.835403 0.000000 0.549638 0.600000 0.600000 0.600000
2752.316406 0.000000 757.140564 0.000000 0.376935 0.000000 -0.926240 0.600000 0.600000 0.600000
2777.174316 0.000000 754.052612 0.000000 0.555344 0.000000 0.831621 0.600000 0.600000 0.600000
2780.530762 0.000000 742.402283 0.000000 0.099632 0.000000 0.995024 0.600000 0.600000 0.600000
2766.983154 0.000000 763.600586 0.000000 0.951009 0.000000 0.309163 0.600000 0.600000 0.600000
2781.553955 0.000000 757.539551 0.000000 0.985974 0.000000 -0.166902 0.600000 0.600000 0.600000
2763.162109 0.000000 760.841980 0.000000 0.686100 0.000000 0.727507 0.600000 0.600000 0.600000
2779.672607 0.000000 755.433350 0.000000 0.347282 0.000000 -0.937761 0.600000 0.600000 0.600000
2753.457031 0.000000 759.315002 0.000000 0.477081 0.000000 -0.878859 0.600000 0.600000 0.600000
2780.160156 0.000000 759.481934 0.000000 0.206058 0.000000 -0.978540 0.600000 0.600000 0.600000
2751.978516 0.000000 763.906616 0.000000 0.587696 0.000000 0.809082 0.600000 0.600000 0.600000
2764.452881 0.000000 758.827271 0.000000 0.434862 0.000000 -0.900497 0.600000 0.600000 0.600000
2761.213867 0.000000 759.803345 0.000000 0.932139 0.000000 0.362101 0.600000 0.600000 0.600000
2765.660400 0.000000 761.838867 0.000000 0.997788 0.000000 -0.066476 0.600000 0.600000 0.600000
2776.853027 0.000000 745.001892 0.000000 0.830020 0.000000 0.557734 0.600000 0.600000 0.600000
2779.469482 0.000000 757.513855 0.000000 0.981910 0.000000 -0.189347 0.600000 0.600000 0.600000
2776.175781 0.000000 749.828064 0.000000 0.150172 0.000000 -0.988660 0.600000 0.600000 0.600000
2751.432373 0.000000 758.852234 0.000000 0.627478 0.000000 -0.778634 0.600000 0.600000 0.600000
2768.781250 0.000000 763.480225 0.000000 0.232705 0.000000 0.972547 0.600000 0.600000 0.600000
2767.429443 0.000000 767.505676 0.000000 0.856647 0.000000 0.515903 0.600000 0.600000 0.600000
2764.799316 0.000000 760.384949 0.000000 0.901675 0.000000 0.432413 0.600000 0.600000 0.600000
2766.758057 0.000000 766.116211 0.000000 0.247785 0.000000 0.968815 0.600000 0.600000 0.600000
2758.379639 0.000000 757.295776 0.000000 0.483268 0.000000 0.875473 0.600000 0.600000 0.600000
2763.026123 0.000000 759.311035 0.000000 0.860494 0.000000 0.509461 0.600000 0.600000 0.600000
2761.046631 0.000000 758.334656 0.000000 0.750818 0.000000 -0.660509 0.600000 0.600000 0.600000
2778.653320 0.000000 756.423157 0.000000 0.951116 0.000000 -0.308832 0.600000 0.600000 0.600000
2769.207764 0.000000 765.059998 0.000000 0.624876 0.000000 0.780724 0.600000 0.600000 0.600000
2778.067627 0.000000 757.569885 0.000000 0.937916 0.000000 -0.346862 0.600000 0.600000 0.600000
2778.264648 0.000000 744.869507 0.000000 0.999126 0.000000 -0.041801 0.600000 0.600000 0.600000
2756.430664 0.000000 761.543213 0.000000 0.032652 0.000000 -0.999467 0.600000 0.600000 0.600000
2779.261719 0.000000 744.337219 0.000000 0.999913 0.000000 0.013214 0.600000 0.600000 0.600000
2751.716064 0.000000 759.887878 0.000000 0.633055 0.000000 0.774107 0.600000 0.600000 0.600000
2763.885742 0.000000 759.890381 0.000000 0.138995 0.000000 -0.990293 0.600000 0.600000 0.600000
2769.204102 0.000000 762.393372 0.000000 0.978891 0.000000 -0.204382 0.600000 0.600000 0.600000
2763.364014 0.000000 758.400269 0.000000 0.963247 0.000000 -0.268616 0.600000 0.600000 0.600000
2793.802002 0.000000 765.156555 0.000000 0.168180 0.000000 0.985756 0.600000 0.600000 0.600000
2811.637695 0.000000 761.811096 0.000000 0.366481 0.000000 0.930426 0.600000 0.600000 0.600000
2791.854492 0.000000 744.346008 0.000000 0.581122 0.000000 -0.813817 0.600000 0.600000 0.600000
2812.522949 0.000000 742.402283 0.000000 0.201446 0.000000 -0.979500 0.600000 0.600000 0.600000
2806.138428 0.000000 761.861633 0.000000 0.235914 0.000000 -0.971774 0.600000 0.600000 0.600000
2813.592773 0.000000 765.993591 0.000000 0.528108 0.000000 -0.849177 0.600000 0.600000 0.600000
2808.197754 0.000000 742.378479 0.000000 0.207142 0.000000 -0.978311 0.600000 0.600000 0.600000
2804.089844 0.000000 743.843384 0.000000 0.559641 0.000000 0.828735 0.600000 0.600000 0.600000
2790.033447 0.000000 763.857666 0.000000 0.794137 0.000000 -0.607739 0.600000 0.600000 0.600000
2803.283203 0.000000 748.428345 0.000000 0.730137 0.000000 0.683301 0.600000 0.600000 0.600000
2809.654785 0.000000 758.794250 0.000000 0.982911 0.000000 0.184081 0.600000 0.600000 0.600000
2802.793213 0.000000 761.828247 0.000000 0.948032 0.000000 -0.318175 0.600000 0.600000 0.600000
2789.250732 0.000000 743.351685 0.000000 0.995306 0.000000 0.096781 0.600000 0.600000 0.600000
2811.144775 0.000000 764.508789 0.000000 0.034895 0.000000 -0.999391 0.600000 0.600000 0.600000
2804.922607 0.000000 746.526672 0.000000 0.817768 0.000000 0.575548 0.600000 0.600000 0.600000
2812.152344 0.000000 759.481934 0.000000 0.883888 0.000000 -0.467698 0.600000 0.600000 0.600000
2810.374268 0.000000 743.529846 0.000000 0.645392 0.000000 0.763852 0.600000 0.600000 0.600000
2802.562500 0.000000 745.973694 0.000000 0.186051 0.000000 0.982540 0.600000 0.600000 0.600000
2800.534424 0.000000 761.631470 0.000000 0.973747 0.000000 -0.227635 0.600000 0.600000 0.600000
2814.324463 0.000000 740.773743 0.000000 0.420335 0.000000 0.907369 0.600000 0.600000 0.600000
2803.998535 0.000000 757.396667 0.000000 0.794016 0.000000 -0.607897 0.600000 0.600000 0.600000
2795.963135 0.000000 744.613403 0.000000 0.849127 0.000000 -0.528188 0.600000 0.600000 0.600000
2814.207764 0.000000 743.872253 0.000000 0.731866 0.000000 -0.681448 0.600000 0.600000 0.600000
2809.572510 0.000000 760.907043 0.000000 0.575066 0.000000 -0.818107 0.600000 0.600000 0.600000
2793.711182 0.000000 744.558960 0.000000 0.914823 0.000000 -0.403856 0.600000 0.600000 0.600000
2808.822510 0.000000 740.723877 0.000000 0.980493 0.000000 0.196555 0.600000 0.600000 0.600000
2790.899414 0.000000 742.952148 0.000000 0.773818 0.000000 -0.633408 0.600000 0.600000 0.600000
2791.048828 0.000000 762.693176 0.000000 0.486165 0.000000 -0.873867 0.600000 0.600000 0.600000
2801.393555 0.000000 760.121460 0.000000 0.876479 0.000000 -0.481441 0.600000 0.600000 0.600000
2807.924805 0.000000 743.776123 0.000000 0.981766 0.000000 -0.190096 0.600000 0.600000 0.600000
2805.452881 0.000000 743.428650 0.000000 0.740887 0.000000 -0.671629 0.600000 0.600000 0.600000
2791.918945 0.000000 745.742310 0.000000 0.039156 0.000000 0.999233 0.600000 0.600000 0.600000
2803.898438 0.000000 745.561707 0.000000 0.668011 0.000000 -0.744152 0.600000 0.600000 0.600000
2802.792480 0.000000 744.574707 0.000000 0.373766 0.000000 -0.927523 0.600000 0.600000 0.600000
2806.715820 0.000000 742.936279 0.000000 0.638614 0.000000 0.769528 0.600000 0.600000 0.600000
2790.471680 0.000000 744.291687 0.000000 0.929482 0.000000 0.368867 0.600000 0.600000 0.600000
2811.378662 0.000000 765.740540 0.000000 0.665849 0.000000 -0.746087 0.600000 0.600000 0.600000
2810.131348 0.000000 740.317993 0.000000 0.060309 0.000000 -0.998180 0.600000 0.600000 0.600000
2811.724365 0.000000 741.498596 0.000000 0.585920 0.000000 0.810369 0.600000 0.600000 0.600000
2889.778564 0.000000 701.187805 0.000000 0.920523 0.000000 0.390688 0.600000 0.600000 0.600000
2909.569336 0.000000 702.024841 0.000000 0.312842 0.000000 -0.949805 0.600000 0.600000 0.600000
2886.010010 0.000000 699.888916 0.000000 0.999461 0.000000 -0.032814 0.600000 0.600000 0.600000
2893.548828 0.000000 703.148987 0.000000 0.999197 0.000000 -0.040066 0.600000 0.600000 0.600000
2888.336426 0.000000 697.887390 0.000000 0.776103 0.000000 0.630607 0.600000 0.600000 0.600000
2901.768555 0.000000 700.775635 0.000000 0.602794 0.000000 -0.797897 0.600000 0.600000 0.600000
2887.484375 0.000000 702.733154 0.000000 0.874093 0.000000 0.485759 0.600000 0.600000 0.600000
2892.147461 0.000000 699.560913 0.000000 0.934028 0.000000 0.357199 0.600000 0.600000 0.600000
2907.121338 0.000000 700.540039 0.000000 0.095149 0.000000 -0.995463 0.600000 0.600000 0.600000
2898.287842 0.000000 700.375305 0.000000 0.433214 0.000000 -0.901291 0.600000 0.600000 0.600000
2891.895264 0.000000 701.705017 0.000000 0.274766 0.000000 -0.961511 0.600000 0.600000 0.600000
2900.142090 0.000000 699.445068 0.000000 0.500737 0.000000 -0.865600 0.600000 0.600000 0.600000
2890.537109 0.000000 703.018066 0.000000 0.762366 0.000000 -0.647146 0.600000 0.600000 0.600000
2893.651855 0.000000 701.011169 0.000000 0.556637 0.000000 -0.830756 0.600000 0.600000 0.600000
2896.750000 0.000000 699.511475 0.000000 0.452250 0.000000 0.891891 0.600000 0.600000 0.600000
2889.032227 0.000000 702.587219 0.000000 0.639670 0.000000 -0.768650 0.600000 0.600000 0.600000
2901.637451 0.000000 699.298584 0.000000 0.956403 0.000000 -0.292051 0.600000 0.600000 0.600000
2908.597900 0.000000 700.916382 0.000000 0.263213 0.000000 0.964738 0.600000 0.600000 0.600000
2890.810791 0.000000 700.158447 0.000000 0.823433 0.000000 -0.567414 0.600000 0.600000 0.600000
2888.873779 0.000000 699.236084 0.000000 0.931362 0.000000 0.364093 0.600000 0.600000 0.600000
2892.173340 0.000000 703.035645 0.000000 0.252964 0.000000 -0.967476 0.600000 0.600000 0.600000
2900.983643 0.000000 701.879639 0.000000 0.890358 0.000000 -0.455261 0.600000 0.600000 0.600000
2909.870850 0.000000 700.047119 0.000000 0.882044 0.000000 -0.471166 0.600000 0.600000 0.600000
2891.004150 0.000000 698.011230 0.000000 0.945637 0.000000 0.325224 0.600000 0.600000 0.600000
2897.172852 0.000000 698.424622 0.000000 0.343376 0.000000 0.939198 0.600000 0.600000 0.600000
2889.232666 0.000000 698.310547 0.000000 0.998655 0.000000 0.051839 0.600000 0.600000 0.600000
2908.346680 0.000000 701.875061 0.000000 0.820055 0.000000 -0.572285 0.600000 0.600000 0.600000
2911.340576 0.000000 702.200256 0.000000 0.999864 0.000000 0.016508 0.600000 0.600000 0.600000
2830.779053 0.000000 717.781555 0.000000 0.793117 0.000000 -0.609070 0.600000 0.600000 0.600000
2832.859375 0.000000 716.456726 0.000000 0.935024 0.000000 0.354585 0.600000 0.600000 0.600000
2875.622070 0.000000 729.826721 0.000000 0.162033 0.000000 0.986785 0.600000 0.600000 0.600000
2876.936523 0.000000 716.948547 0.000000 0.622515 0.000000 -0.782608 0.600000 0.600000 0.600000
2878.192139 0.000000 711.887878 0.000000 0.991929 0.000000 -0.126795 0.600000 0.600000 0.600000
2875.446045 0.000000 725.529480 0.000000 0.936262 0.000000 -0.351303 0.600000 0.600000 0.600000
2874.296875 0.000000 734.681885 0.000000 0.770385 0.000000 0.637578 0.600000 0.600000 0.600000
2872.017090 0.000000 725.903137 0.000000 0.500939 0.000000 -0.865482 0.600000 0.600000 0.600000
2874.737793 0.000000 727.969604 0.000000 0.240914 0.000000 -0.970546 0.600000 0.600000 0.600000
2874.914795 0.000000 726.679016 0.000000 0.980742 0.000000 -0.195309 0.600000 0.600000 0.600000
2872.978760 0.000000 725.539246 0.000000 0.894680 0.000000 -0.446708 0.600000 0.600000 0.600000
2841.158691 0.000000 754.052612 0.000000 0.105878 0.000000 0.994379 0.600000 0.600000 0.600000
2845.538330 0.000000 757.539551 0.000000 0.209914 0.000000 -0.977720 0.600000 0.600000 0.600000
2820.998291 0.000000 754.539368 0.000000 0.559490 0.000000 -0.828837 0.600000 0.600000 0.600000
2838.255371 0.000000 757.285156 0.000000 0.052185 0.000000 0.998637 0.600000 0.600000 0.600000
2815.364014 0.000000 766.169006 0.000000 0.964900 0.000000 0.262619 0.600000 0.600000 0.600000
2820.493164 0.000000 766.482117 0.000000 0.999841 0.000000 -0.017852 0.600000 0.600000 0.600000
2826.343506 0.000000 757.946106 0.000000 0.949931 0.000000 -0.312458 0.600000 0.600000 0.600000
2822.995850 0.000000 755.965027 0.000000 0.896145 0.000000 0.443762 0.600000 0.600000 0.600000
2844.144531 0.000000 759.481934 0.000000 0.331304 0.000000 0.943524 0.600000 0.600000 0.600000
2835.990723 0.000000 757.396667 0.000000 0.848703 0.000000 -0.528870 0.600000 0.600000 0.600000
2830.673584 0.000000 757.731812 0.000000 0.961555 0.000000 0.274612 0.600000 0.600000 0.600000
2839.397705 0.000000 755.359558 0.000000 0.915261 0.000000 -0.402861 0.600000 0.600000 0.600000
2843.453857 0.000000 757.513855 0.000000 0.187458 0.000000 0.982273 0.600000 0.600000 0.600000
2823.202881 0.000000 754.084656 0.000000 0.954856 0.000000 -0.297068 0.600000 0.600000 0.600000
2815.375488 0.000000 741.881470 0.000000 0.999479 0.000000 -0.032265 0.600000 0.600000 0.600000
2832.182617 0.000000 759.111023 0.000000 0.415684 0.000000 -0.909509 0.600000 0.600000 0.600000
2836.487793 0.000000 761.396423 0.000000 0.866568 0.000000 0.499058 0.600000 0.600000 0.600000
2832.662354 0.000000 757.709717 0.000000 0.541381 0.000000 0.840778 0.600000 0.600000 0.600000
2837.880371 0.000000 760.366455 0.000000 0.189331 0.000000 -0.981913 0.600000 0.600000 0.600000
2842.745605 0.000000 759.953979 0.000000 0.950628 0.000000 -0.310332 0.600000 0.600000 0.600000
2842.637695 0.000000 756.423157 0.000000 0.995675 0.000000 0.092908 0.600000 0.600000 0.600000
2842.052002 0.000000 757.569885 0.000000 0.975635 0.000000 0.219399 0.600000 0.600000 0.600000
2842.922607 0.000000 758.663391 0.000000 0.960076 0.000000 0.279739 0.600000 0.600000 0.600000
2827.870117 0.000000 759.890381 0.000000 0.161430 0.000000 -0.986884 0.600000 0.600000 0.600000
2832.906006 0.000000 756.752380 0.000000 0.082640 0.000000 0.996579 0.600000 0.600000 0.600000
2827.348389 0.000000 758.400269 0.000000 0.998353 0.000000 -0.057361 0.600000 0.600000 0.600000
2829.680420 0.000000 759.899292 0.000000 0.161593 0.000000 -0.986857 0.600000 0.600000 0.600000
2875.622070 0.000000 761.811096 0.000000 0.792469 0.000000 -0.609913 0.600000 0.600000 0.600000
2865.904297 0.000000 758.593445 0.000000 0.980981 0.000000 -0.194104 0.600000 0.600000 0.600000
2865.977783 0.000000 752.200989 0.000000 0.174924 0.000000 -0.984582 0.600000 0.600000 0.600000
2860.787598 0.000000 756.537720 0.000000 0.543963 0.000000 -0.839109 0.600000 0.600000 0.600000
2872.483643 0.000000 765.829529 0.000000 0.581870 0.000000 -0.813281 0.600000 0.600000 0.600000
2867.267578 0.000000 748.428345 0.000000 0.920198 0.000000 -0.391454 0.600000 0.600000 0.600000
2871.077881 0.000000 736.352783 0.000000 0.842303 0.000000 -0.539005 0.600000 0.600000 0.600000
2860.155273 0.000000 763.529663 0.000000 0.044279 0.000000 0.999019 0.600000 0.600000 0.600000
2868.607666 0.000000 759.551819 0.000000 0.992394 0.000000 -0.123101 0.600000 0.600000 0.600000
2875.129150 0.000000 764.508789 0.000000 0.925532 0.000000 -0.378669 0.600000 0.600000 0.600000
2870.589355 0.000000 744.302612 0.000000 0.999376 0.000000 -0.035328 0.600000 0.600000 0.600000
2867.882812 0.000000 750.713379 0.000000 0.781864 0.000000 0.623449 0.600000 0.600000 0.600000
2862.665771 0.000000 757.731812 0.000000 0.703967 0.000000 0.710233 0.600000 0.600000 0.600000
2876.894043 0.000000 763.414368 0.000000 0.160596 0.000000 0.987020 0.600000 0.600000 0.600000
2858.188721 0.000000 762.806885 0.000000 0.917826 0.000000 0.396983 0.600000 0.600000 0.600000
2865.947266 0.000000 750.156128 0.000000 0.895987 0.000000 0.444079 0.600000 0.600000 0.600000
2870.064941 0.000000 738.101379 0.000000 0.634296 0.000000 -0.773090 0.600000 0.600000 0.600000
2874.296875 0.000000 766.666260 0.000000 0.383219 0.000000 -0.923657 0.600000 0.600000 0.600000
2862.350342 0.000000 755.421448 0.000000 0.511360 0.000000 -0.859367 0.600000 0.600000 0.600000
2865.942871 0.000000 756.774597 0.000000 0.099034 0.000000 0.995084 0.600000 0.600000 0.600000
2868.479980 0.000000 761.396423 0.000000 0.964994 0.000000 0.262271 0.600000 0.600000 0.600000
2871.831055 0.000000 738.514282 0.000000 0.954595 0.000000 0.297907 0.600000 0.600000 0.600000
2863.684082 0.000000 754.652405 0.000000 0.998723 0.000000 -0.050519 0.600000 0.600000 0.600000
2870.372803 0.000000 745.657166 0.000000 0.021567 0.000000 0.999767 0.600000 0.600000 0.600000
2875.363037 0.000000 765.740540 0.000000 0.526096 0.000000 0.850425 0.600000 0.600000 0.600000
2862.018066 0.000000 756.658142 0.000000 0.195100 0.000000 -0.980783 0.600000 0.600000 0.600000
2874.233887 0.000000 765.441895 0.000000 0.019877 0.000000 0.999802 0.600000 0.600000 0.600000
2861.089111 0.000000 765.991577 0.000000 0.212295 0.000000 -0.977206 0.600000 0.600000 0.600000
2860.482422 0.000000 764.634094 0.000000 0.641634 0.000000 -0.767011 0.600000 0.600000 0.600000
2863.681641 0.000000 757.136353 0.000000 0.999079 0.000000 0.042907 0.600000 0.600000 0.600000
2883.380127 0.000000 718.313965 0.000000 0.995945 0.000000 -0.089967 0.600000 0.600000 0.600000
2892.779785 0.000000 724.553345 0.000000 0.215647 0.000000 -0.976471 0.600000 0.600000 0.600000
2904.475830 0.000000 733.845154 0.000000 0.722686 0.000000 0.691177 0.600000 0.600000 0.600000
2904.174316 0.000000 710.394104 0.000000 0.788085 0.000000 -0.615567 0.600000 0.600000 0.600000
2897.057617 0.000000 709.225891 0.000000 0.741815 0.000000 0.670605 0.600000 0.600000 0.600000
2893.683105 0.000000 711.308472 0.000000 0.462426 0.000000 0.886658 0.600000 0.600000 0.600000
2905.736572 0.000000 707.305420 0.000000 0.998373 0.000000 0.057019 0.600000 0.600000 0.600000
2880.458008 0.000000 708.384521 0.000000 0.580514 0.000000 -0.814250 0.600000 0.600000 0.600000
2882.693115 0.000000 705.997742 0.000000 0.081422 0.000000 -0.996680 0.600000 0.600000 0.600000
2904.882568 0.000000 730.932190 0.000000 0.959544 0.000000 -0.281559 0.600000 0.600000 0.600000
2910.117432 0.000000 704.059570 0.000000 0.722114 0.000000 0.691774 0.600000 0.600000 0.600000
2880.678467 0.000000 718.422852 0.000000 0.985498 0.000000 0.169687 0.600000 0.600000 0.600000
2880.469727 0.000000 713.941772 0.000000 0.582554 0.000000 0.812792 0.600000 0.600000 0.600000
2894.835205 0.000000 709.359558 0.000000 0.756569 0.000000 0.653914 0.600000 0.600000 0.600000
2881.383545 0.000000 704.281128 0.000000 0.147215 0.000000 0.989105 0.600000 0.600000 0.600000
2900.142090 0.000000 731.429443 0.000000 0.970618 0.000000 0.240624 0.600000 0.600000 0.600000
2906.289062 0.000000 734.681885 0.000000 0.044651 0.000000 -0.999003 0.600000 0.600000 0.600000
2888.062744 0.000000 703.657349 0.000000 0.841384 0.000000 0.540438 0.600000 0.600000 0.600000
2892.961182 0.000000 709.599670 0.000000 0.495886 0.000000 0.868388 0.600000 0.600000 0.600000
2880.969727 0.000000 710.184631 0.000000 0.975685 0.000000 0.219179 0.600000 0.600000 0.600000
2905.478271 0.000000 732.557007 0.000000 0.559648 0.000000 0.828731 0.600000 0.600000 0.600000
2901.637451 0.000000 731.282959 0.000000 0.983185 0.000000 -0.182612 0.600000 0.600000 0.600000
2881.429443 0.000000 711.460144 0.000000 0.843917 0.000000 0.536473 0.600000 0.600000 0.600000
2892.984863 0.000000 703.672485 0.000000 0.280802 0.000000 -0.959766 0.600000 0.600000 0.600000
2892.659424 0.000000 708.418701 0.000000 0.623870 0.000000 -0.781528 0.600000 0.600000 0.600000
2893.834473 0.000000 708.622375 0.000000 0.985966 0.000000 -0.166944 0.600000 0.600000 0.600000
2881.979736 0.000000 710.200989 0.000000 0.995744 0.000000 -0.092159 0.600000 0.600000 0.600000
2880.057129 0.000000 710.578613 0.000000 0.433255 0.000000 -0.901272 0.600000 0.600000 0.600000
2919.823242 0.000000 712.361633 0.000000 0.973546 0.000000 -0.228492 0.600000 0.600000 0.600000
2928.183105 0.000000 714.108521 0.000000 0.661752 0.000000 -0.749723 0.600000 0.600000 0.600000
2911.477783 0.000000 705.300720 0.000000 0.898930 0.000000 -0.438093 0.600000 0.600000 0.600000
2926.041260 0.000000 704.516113 0.000000 0.824647 0.000000 -0.565648 0.600000 0.600000 0.600000
2930.001709 0.000000 706.526001 0.000000 0.998367 0.000000 0.057124 0.600000 0.600000 0.600000
2923.030273 0.000000 706.305481 0.000000 0.159875 0.000000 0.987137 0.600000 0.600000 0.600000
2916.874512 0.000000 716.187744 0.000000 0.109643 0.000000 0.993971 0.600000 0.600000 0.600000
2921.227783 0.000000 714.391907 0.000000 0.866770 0.000000 0.498707 0.600000 0.600000 0.600000
2931.405273 0.000000 709.670837 0.000000 0.763768 0.000000 -0.645491 0.600000 0.600000 0.600000
2923.931885 0.000000 712.629028 0.000000 0.591541 0.000000 0.806275 0.600000 0.600000 0.600000
2920.477295 0.000000 710.307312 0.000000 0.938231 0.000000 0.346009 0.600000 0.600000 0.600000
2924.018311 0.000000 704.485535 0.000000 0.749451 0.000000 0.662060 0.600000 0.600000 0.600000
2921.679932 0.000000 712.574585 0.000000 0.643901 0.000000 0.765109 0.600000 0.600000 0.600000
2924.802246 0.000000 705.927612 0.000000 0.005504 0.000000 -0.999985 0.600000 0.600000 0.600000
2928.778809 0.000000 705.506958 0.000000 0.983438 0.000000 -0.181243 0.600000 0.600000 0.600000
2912.771729 0.000000 716.861023 0.000000 0.080825 0.000000 0.996728 0.600000 0.600000 0.600000
2930.083008 0.000000 710.519348 0.000000 0.182907 0.000000 0.983130 0.600000 0.600000 0.600000
2928.887451 0.000000 707.596924 0.000000 0.745115 0.000000 -0.666936 0.600000 0.600000 0.600000
2922.680908 0.000000 713.733521 0.000000 0.463724 0.000000 -0.885980 0.600000 0.600000 0.600000
2913.989258 0.000000 717.747131 0.000000 0.588834 0.000000 0.808254 0.600000 0.600000 0.600000
2920.666504 0.000000 706.697021 0.000000 0.572888 0.000000 0.819634 0.600000 0.600000 0.600000
2920.856934 0.000000 715.910461 0.000000 0.932434 0.000000 0.361341 0.600000 0.600000 0.600000
2917.975586 0.000000 717.067749 0.000000 0.378457 0.000000 0.925619 0.600000 0.600000 0.600000
2916.798096 0.000000 714.693054 0.000000 0.654347 0.000000 0.756195 0.600000 0.600000 0.600000
2916.491699 0.000000 717.508362 0.000000 0.553763 0.000000 0.832674 0.600000 0.600000 0.600000
2918.628418 0.000000 706.394470 0.000000 0.788334 0.000000 -0.615247 0.600000 0.600000 0.600000
2918.120605 0.000000 707.274048 0.000000 0.920665 0.000000 -0.390353 0.600000 0.600000 0.600000
2919.598877 0.000000 706.492249 0.000000 0.051264 0.000000 -0.998685 0.600000 0.600000 0.600000
2903.434082 0.000000 746.608459 0.000000 0.877023 0.000000 0.480448 0.600000 0.600000 0.600000
2906.821045 0.000000 736.016846 0.000000 0.116219 0.000000 -0.993224 0.600000 0.600000 0.600000
2896.190918 0.000000 746.092896 0.000000 0.833823 0.000000 -0.552032 0.600000 0.600000 0.600000
2908.928711 0.000000 748.932922 0.000000 0.424804 0.000000 -0.905285 0.600000 0.600000 0.600000
2891.804688 0.000000 746.802856 0.000000 0.418653 0.000000 -0.908146 0.600000 0.600000 0.600000
2889.116943 0.000000 740.149780 0.000000 0.324174 0.000000 -0.945997 0.600000 0.600000 0.600000
2900.066406 0.000000 743.843384 0.000000 0.650810 0.000000 0.759241 0.600000 0.600000 0.600000
2879.547852 0.000000 761.192444 0.000000 0.998989 0.000000 0.044945 0.600000 0.600000 0.600000
2899.259766 0.000000 748.428345 0.000000 0.954572 0.000000 0.297980 0.600000 0.600000 0.600000
2909.126221 0.000000 738.828918 0.000000 0.785440 0.000000 0.618938 0.600000 0.600000 0.600000
2905.736572 0.000000 739.289795 0.000000 0.976062 0.000000 0.217492 0.600000 0.600000 0.600000
2883.425293 0.000000 757.381042 0.000000 0.361387 0.000000 0.932416 0.600000 0.600000 0.600000
2910.008789 0.000000 746.048706 0.000000 0.042847 0.000000 0.999082 0.600000 0.600000 0.600000
2910.117432 0.000000 736.043945 0.000000 0.035174 0.000000 -0.999381 0.600000 0.600000 0.600000
2884.882324 0.000000 748.172119 0.000000 0.967844 0.000000 -0.251550 0.600000 0.600000 0.600000
2880.678467 0.000000 750.407227 0.000000 0.974088 0.000000 0.226170 0.600000 0.600000 0.600000
2889.235596 0.000000 746.376282 0.000000 0.516013 0.000000 0.856581 0.600000 0.600000 0.600000
2883.380127 0.000000 752.727356 0.000000 0.531745 0.000000 -0.846904 0.600000 0.600000 0.600000
2891.939697 0.000000 744.613403 0.000000 0.183109 0.000000 0.983093 0.600000 0.600000 0.600000
2888.485107 0.000000 742.291687 0.000000 0.096622 0.000000 -0.995321 0.600000 0.600000 0.600000
2907.547852 0.000000 739.736694 0.000000 0.999589 0.000000 -0.028660 0.600000 0.600000 0.600000
2908.482910 0.000000 736.624756 0.000000 0.887338 0.000000 -0.461120 0.600000 0.600000 0.600000
2883.088135 0.000000 758.958740 0.000000 0.999972 0.000000 0.007551 0.600000 0.600000 0.600000
2890.688721 0.000000 745.717896 0.000000 0.999877 0.000000 0.015687 0.600000 0.600000 0.600000
2900.560791 0.000000 749.375244 0.000000 0.748030 0.000000 -0.663665 0.600000 0.600000 0.600000
2882.263184 0.000000 746.231567 0.000000 0.382656 0.000000 0.923891 0.600000 0.600000 0.600000
2903.901367 0.000000 743.776123 0.000000 0.995817 0.000000 -0.091374 0.600000 0.600000 0.600000
2883.541016 0.000000 747.270691 0.000000 0.468077 0.000000 -0.883688 0.600000 0.600000 0.600000
2887.895508 0.000000 745.742310 0.000000 0.665055 0.000000 -0.746794 0.600000 0.600000 0.600000
2902.692383 0.000000 742.936279 0.000000 0.760056 0.000000 0.649858 0.600000 0.600000 0.600000
2886.448242 0.000000 744.291687 0.000000 0.882120 0.000000 0.471024 0.600000 0.600000 0.600000
2882.631592 0.000000 751.464783 0.000000 0.372984 0.000000 -0.927838 0.600000 0.600000 0.600000
2899.056152 0.000000 749.650269 0.000000 0.894972 0.000000 0.446123 0.600000 0.600000 0.600000
2898.094727 0.000000 748.772217 0.000000 0.689956 0.000000 0.723851 0.600000 0.600000 0.600000
2908.481201 0.000000 737.795715 0.000000 0.847802 0.000000 0.530313 0.600000 0.600000 0.600000
2888.901367 0.000000 745.294189 0.000000 0.710641 0.000000 0.703554 0.600000 0.600000 0.600000
2909.449707 0.000000 737.051270 0.000000 0.836701 0.000000 0.547660 0.600000 0.600000 0.600000
2882.157715 0.000000 748.761963 0.000000 0.901444 0.000000 0.432895 0.600000 0.600000 0.600000
2888.789062 0.000000 744.078918 0.000000 0.649750 0.000000 0.760148 0.600000 0.600000 0.600000
2911.477783 0.000000 737.285095 0.000000 0.844249 0.000000 0.535952 0.600000 0.600000 0.600000
2725.028320 0.000000 768.016541 0.000000 0.069909 0.000000 -0.997553 0.600000 0.600000 0.600000
2745.182129 0.000000 786.036987 0.000000 0.492324 0.000000 -0.870412 0.600000 0.600000 0.600000
2736.229980 0.000000 778.077271 0.000000 0.916757 0.000000 -0.399445 0.600000 0.600000 0.600000
2732.818848 0.000000 788.522095 0.000000 0.205971 0.000000 -0.978558 0.600000 0.600000 0.600000
2749.561768 0.000000 789.523926 0.000000 0.551002 0.000000 -0.834504 0.600000 0.600000 0.600000
2729.156006 0.000000 772.134155 0.000000 0.799976 0.000000 0.600032 0.600000 0.600000 0.600000
2734.691650 0.000000 785.524292 0.000000 0.986025 0.000000 -0.166597 0.600000 0.600000 0.600000
2734.683105 0.000000 791.952332 0.000000 0.968706 0.000000 0.248210 0.600000 0.600000 0.600000
2730.700195 0.000000 774.781738 0.000000 0.298712 0.000000 -0.954343 0.600000 0.600000 0.600000
2747.680420 0.000000 787.417725 0.000000 0.831687 0.000000 -0.555245 0.600000 0.600000 0.600000
2732.037842 0.000000 785.985168 0.000000 0.256520 0.000000 0.966539 0.600000 0.600000 0.600000
2745.269043 0.000000 788.472595 0.000000 0.157229 0.000000 -0.987562 0.600000 0.600000 0.600000
2738.578125 0.000000 777.958069 0.000000 0.967677 0.000000 -0.252194 0.600000 0.600000 0.600000
2731.480957 0.000000 772.584106 0.000000 0.999909 0.000000 -0.013458 0.600000 0.600000 0.600000
2732.460693 0.000000 790.811646 0.000000 0.999976 0.000000 0.006928 0.600000 0.600000 0.600000
2747.477295 0.000000 789.498230 0.000000 0.098792 0.000000 -0.995108 0.600000 0.600000 0.600000
2737.974121 0.000000 788.758972 0.000000 0.171896 0.000000 0.985115 0.600000 0.600000 0.600000
2729.879883 0.000000 773.505981 0.000000 0.716435 0.000000 0.697654 0.600000 0.600000 0.600000
2736.685791 0.000000 789.694092 0.000000 0.984181 0.000000 0.177165 0.600000 0.600000 0.600000
2740.599854 0.000000 781.359619 0.000000 0.979187 0.000000 -0.202962 0.600000 0.600000 0.600000
2738.072998 0.000000 779.448547 0.000000 0.652691 0.000000 0.757624 0.600000 0.600000 0.600000
2724.159668 0.000000 769.611938 0.000000 0.673353 0.000000 0.739321 0.600000 0.600000 0.600000
2735.715332 0.000000 786.636780 0.000000 0.917417 0.000000 -0.397926 0.600000 0.600000 0.600000
2748.724609 0.000000 788.349792 0.000000 0.973664 0.000000 0.227989 0.600000 0.600000 0.600000
2739.914062 0.000000 777.546082 0.000000 0.557070 0.000000 -0.830466 0.600000 0.600000 0.600000
2739.612305 0.000000 779.053223 0.000000 0.417974 0.000000 -0.908459 0.600000 0.600000 0.600000
2738.808105 0.000000 776.559082 0.000000 0.003313 0.000000 0.999995 0.600000 0.600000 0.600000
2728.019531 0.000000 772.868896 0.000000 0.980614 0.000000 -0.195951 0.600000 0.600000 0.600000
2746.661133 0.000000 788.407532 0.000000 0.862801 0.000000 -0.505543 0.600000 0.600000 0.600000
2746.075439 0.000000 789.554260 0.000000 0.986105 0.000000 -0.166123 0.600000 0.600000 0.600000
2734.049316 0.000000 788.642517 0.000000 0.386412 0.000000 0.922326 0.600000 0.600000 0.600000
2734.136230 0.000000 784.357727 0.000000 0.740502 0.000000 -0.672054 0.600000 0.600000 0.600000
2735.712891 0.000000 789.120728 0.000000 0.898271 0.000000 -0.439441 0.600000 0.600000 0.600000
2735.056641 0.000000 788.253601 0.000000 0.107851 0.000000 -0.994167 0.600000 0.600000 0.600000
2752.316406 0.000000 789.124939 0.000000 0.508190 0.000000 -0.861245 0.600000 0.600000 0.600000
2778.852295 0.000000 768.001221 0.000000 0.661998 0.000000 0.749506 0.600000 0.600000 0.600000
2769.927734 0.000000 790.577820 0.000000 0.985606 0.000000 0.169058 0.600000 0.600000 0.600000
2759.547607 0.000000 790.298096 0.000000 0.804142 0.000000 -0.594437 0.600000 0.600000 0.600000
2762.115967 0.000000 767.800171 0.000000 0.659618 0.000000 0.751601 0.600000 0.600000 0.600000
2771.291016 0.000000 780.412720 0.000000 0.672496 0.000000 -0.740101 0.600000 0.600000 0.600000
2766.675293 0.000000 791.952332 0.000000 0.823770 0.000000 -0.566925 0.600000 0.600000 0.600000
2773.934326 0.000000 785.814636 0.000000 0.773957 0.000000 -0.633238 0.600000 0.600000 0.600000
2766.080322 0.000000 768.484863 0.000000 0.788613 0.000000 -0.614890 0.600000 0.600000 0.600000
2768.159424 0.000000 788.053772 0.000000 0.506752 0.000000 0.862092 0.600000 0.600000 0.600000
2773.799805 0.000000 796.728760 0.000000 0.677363 0.000000 0.735649 0.600000 0.600000 0.600000
2768.453125 0.000000 798.192139 0.000000 0.693009 0.000000 -0.720929 0.600000 0.600000 0.600000
2764.030029 0.000000 785.985168 0.000000 0.799878 0.000000 -0.600163 0.600000 0.600000 0.600000
2768.875000 0.000000 780.425476 0.000000 0.268766 0.000000 -0.963205 0.600000 0.600000 0.600000
2780.160156 0.000000 791.466309 0.000000 0.596607 0.000000 0.802533 0.600000 0.600000 0.600000
2764.421143 0.000000 781.540344 0.000000 0.372691 0.000000 0.927956 0.600000 0.600000 0.600000
2771.906250 0.000000 782.697754 0.000000 0.953239 0.000000 0.302217 0.600000 0.600000 0.600000
2782.332275 0.000000 772.758118 0.000000 0.752401 0.000000 -0.658706 0.600000 0.600000 0.600000
2772.006348 0.000000 789.381042 0.000000 0.932747 0.000000 0.360533 0.600000 0.600000 0.600000
2766.689209 0.000000 789.716187 0.000000 0.741400 0.000000 0.671063 0.600000 0.600000 0.600000
2776.935791 0.000000 769.349426 0.000000 0.745609 0.000000 0.666384 0.600000 0.600000 0.600000
2762.212158 0.000000 794.791260 0.000000 0.992795 0.000000 0.119825 0.600000 0.600000 0.600000
2772.173340 0.000000 795.398193 0.000000 0.699884 0.000000 -0.714256 0.600000 0.600000 0.600000
2762.831055 0.000000 787.889099 0.000000 0.960441 0.000000 -0.278482 0.600000 0.600000 0.600000
2779.278076 0.000000 769.901855 0.000000 0.432698 0.000000 0.901539 0.600000 0.600000 0.600000
2765.683105 0.000000 796.964294 0.000000 0.287902 0.000000 0.957660 0.600000 0.600000 0.600000
2769.966309 0.000000 788.758972 0.000000 0.960719 0.000000 -0.277524 0.600000 0.600000 0.600000
2768.677979 0.000000 789.694092 0.000000 0.994445 0.000000 -0.105258 0.600000 0.600000 0.600000
2759.735107 0.000000 791.895203 0.000000 0.885275 0.000000 -0.465068 0.600000 0.600000 0.600000
2765.004395 0.000000 787.003052 0.000000 0.725599 0.000000 0.688118 0.600000 0.600000 0.600000
2765.181885 0.000000 778.367432 0.000000 0.830119 0.000000 -0.557587 0.600000 0.600000 0.600000
2760.905029 0.000000 795.189209 0.000000 0.308956 0.000000 -0.951076 0.600000 0.600000 0.600000
2764.204590 0.000000 798.988770 0.000000 0.134102 0.000000 0.990968 0.600000 0.600000 0.600000
2758.569580 0.000000 791.188965 0.000000 0.938273 0.000000 -0.345895 0.600000 0.600000 0.600000
2771.218994 0.000000 783.847412 0.000000 0.384064 0.000000 -0.923307 0.600000 0.600000 0.600000
2765.016113 0.000000 767.641235 0.000000 0.806007 0.000000 0.591907 0.600000 0.600000 0.600000
2772.130127 0.000000 788.136597 0.000000 0.732150 0.000000 0.681143 0.600000 0.600000 0.600000
2773.186768 0.000000 788.833557 0.000000 0.920004 0.000000 0.391909 0.600000 0.600000 0.600000
2781.437988 0.000000 771.972107 0.000000 0.495804 0.000000 0.868435 0.600000 0.600000 0.600000
2763.149170 0.000000 786.786072 0.000000 0.412524 0.000000 -0.910947 0.600000 0.600000 0.600000
2762.144531 0.000000 787.051514 0.000000 0.984503 0.000000 -0.175370 0.600000 0.600000 0.600000
2784.071777 0.000000 775.549988 0.000000 0.995645 0.000000 0.093228 0.600000 0.600000 0.600000
2784.308594 0.000000 789.124939 0.000000 0.390988 0.000000 0.920396 0.600000 0.600000 0.600000
2791.539795 0.000000 790.298096 0.000000 0.889728 0.000000 0.456491 0.600000 0.600000 0.600000
2789.006104 0.000000 786.523743 0.000000 0.993227 0.000000 0.116191 0.600000 0.600000 0.600000
2787.600830 0.000000 792.552734 0.000000 0.973227 0.000000 -0.229845 0.600000 0.600000 0.600000
2810.077637 0.000000 782.731873 0.000000 0.834976 0.000000 0.550287 0.600000 0.600000 0.600000
2785.449219 0.000000 791.299377 0.000000 0.105869 0.000000 0.994380 0.600000 0.600000 0.600000
2808.269043 0.000000 783.963135 0.000000 0.291098 0.000000 0.956693 0.600000 0.600000 0.600000
2793.206055 0.000000 791.787720 0.000000 0.921036 0.000000 -0.389477 0.600000 0.600000 0.600000
2811.461670 0.000000 789.498230 0.000000 0.963891 0.000000 -0.266297 0.600000 0.600000 0.600000
2808.032715 0.000000 789.871887 0.000000 0.864814 0.000000 -0.502092 0.600000 0.600000 0.600000
2785.954834 0.000000 788.456482 0.000000 0.824535 0.000000 -0.565810 0.600000 0.600000 0.600000
2784.993164 0.000000 774.153381 0.000000 0.592668 0.000000 -0.805447 0.600000 0.600000 0.600000
2810.645508 0.000000 788.407532 0.000000 0.705337 0.000000 -0.708872 0.600000 0.600000 0.600000
2808.757812 0.000000 787.280884 0.000000 0.462274 0.000000 -0.886737 0.600000 0.600000 0.600000
2810.059814 0.000000 789.554260 0.000000 0.045731 0.000000 -0.998954 0.600000 0.600000 0.600000
2808.994385 0.000000 789.507996 0.000000 0.641268 0.000000 0.767317 0.600000 0.600000 0.600000
2769.075439 0.000000 799.888794 0.000000 0.686797 0.000000 -0.726849 0.600000 0.600000 0.600000
2765.016113 0.000000 799.625610 0.000000 0.949451 0.000000 -0.313915 0.600000 0.600000 0.600000
2821.004883 0.000000 768.016541 0.000000 0.718061 0.000000 -0.695980 0.600000 0.600000 0.600000
2823.531982 0.000000 790.298096 0.000000 0.668364 0.000000 -0.743834 0.600000 0.600000 0.600000
2833.985596 0.000000 784.185364 0.000000 0.453137 0.000000 0.891441 0.600000 0.600000 0.600000
2834.785400 0.000000 793.812622 0.000000 0.999771 0.000000 -0.021395 0.600000 0.600000 0.600000
2819.440918 0.000000 789.365417 0.000000 0.338921 0.000000 0.940815 0.600000 0.600000 0.600000
2823.609863 0.000000 769.500244 0.000000 0.444406 0.000000 -0.895825 0.600000 0.600000 0.600000
2826.343506 0.000000 789.930481 0.000000 0.843215 0.000000 0.537576 0.600000 0.600000 0.600000
2827.053711 0.000000 770.274231 0.000000 0.953683 0.000000 0.300815 0.600000 0.600000 0.600000
2827.457520 0.000000 772.584106 0.000000 0.116396 0.000000 0.993203 0.600000 0.600000 0.600000
2832.526611 0.000000 793.615845 0.000000 0.655945 0.000000 0.754808 0.600000 0.600000 0.600000
2846.317139 0.000000 782.571167 0.000000 0.952219 0.000000 0.305417 0.600000 0.600000 0.600000
2846.464600 0.000000 787.692139 0.000000 0.624121 0.000000 -0.781328 0.600000 0.600000 0.600000
2824.687500 0.000000 788.798645 0.000000 0.280583 0.000000 -0.959830 0.600000 0.600000 0.600000
2832.765625 0.000000 795.464600 0.000000 0.064084 0.000000 -0.997945 0.600000 0.600000 0.600000
2824.689941 0.000000 770.665771 0.000000 0.973662 0.000000 0.227995 0.600000 0.600000 0.600000
2822.364014 0.000000 789.280151 0.000000 0.764061 0.000000 -0.645144 0.600000 0.600000 0.600000
2827.010498 0.000000 791.295410 0.000000 0.988987 0.000000 -0.148005 0.600000 0.600000 0.600000
2826.446045 0.000000 771.560181 0.000000 0.739300 0.000000 -0.673376 0.600000 0.600000 0.600000
2834.042969 0.000000 794.964539 0.000000 0.971241 0.000000 -0.238098 0.600000 0.600000 0.600000
2823.506836 0.000000 789.016968 0.000000 0.529082 0.000000 -0.848571 0.600000 0.600000 0.600000
2848.292969 0.000000 789.124939 0.000000 0.376365 0.000000 0.926471 0.600000 0.600000 0.600000
2876.507324 0.000000 774.386658 0.000000 0.999971 0.000000 0.007670 0.600000 0.600000 0.600000
2852.990479 0.000000 786.523743 0.000000 0.907056 0.000000 0.421010 0.600000 0.600000 0.600000
2851.585205 0.000000 792.552734 0.000000 0.386843 0.000000 -0.922146 0.600000 0.600000 0.600000
2847.420654 0.000000 780.060181 0.000000 0.959557 0.000000 0.281516 0.600000 0.600000 0.600000
2847.662109 0.000000 784.702881 0.000000 0.985091 0.000000 -0.172037 0.600000 0.600000 0.600000
2868.074219 0.000000 775.827759 0.000000 0.975155 0.000000 -0.221524 0.600000 0.600000 0.600000
2855.406738 0.000000 780.914551 0.000000 0.987297 0.000000 -0.158887 0.600000 0.600000 0.600000
2865.065430 0.000000 773.194641 0.000000 0.109889 0.000000 -0.993944 0.600000 0.600000 0.600000
2874.988037 0.000000 777.886414 0.000000 0.624156 0.000000 -0.781299 0.600000 0.600000 0.600000
2878.016602 0.000000 778.033081 0.000000 0.052892 0.000000 -0.998600 0.600000 0.600000 0.600000
2850.700928 0.000000 769.966492 0.000000 0.444836 0.000000 0.895612 0.600000 0.600000 0.600000
2849.931152 0.000000 786.635803 0.000000 0.859726 0.000000 0.510756 0.600000 0.600000 0.600000
2866.017334 0.000000 770.494751 0.000000 0.462602 0.000000 0.886566 0.600000 0.600000 0.600000
2849.760498 0.000000 794.328735 0.000000 0.452034 0.000000 -0.892001 0.600000 0.600000 0.600000
2849.433594 0.000000 791.299377 0.000000 0.794811 0.000000 0.606857 0.600000 0.600000 0.600000
2870.589355 0.000000 776.286987 0.000000 0.595320 0.000000 -0.803489 0.600000 0.600000 0.600000
2851.387939 0.000000 784.711731 0.000000 0.757138 0.000000 -0.653255 0.600000 0.600000 0.600000
2847.322266 0.000000 787.020264 0.000000 0.176773 0.000000 -0.984252 0.600000 0.600000 0.600000
2867.420898 0.000000 773.639587 0.000000 0.048013 0.000000 -0.998847 0.600000 0.600000 0.600000
2853.607178 0.000000 782.437378 0.000000 0.317682 0.000000 0.948197 0.600000 0.600000 0.600000
2878.192139 0.000000 775.856628 0.000000 0.103826 0.000000 -0.994595 0.600000 0.600000 0.600000
2872.829590 0.000000 776.986267 0.000000 0.986991 0.000000 0.160773 0.600000 0.600000 0.600000
2878.894531 0.000000 771.075989 0.000000 0.326855 0.000000 -0.945074 0.600000 0.600000 0.600000
2866.740723 0.000000 772.052551 0.000000 0.052802 0.000000 -0.998605 0.600000 0.600000 0.600000
2849.049561 0.000000 798.266418 0.000000 0.757802 0.000000 -0.652485 0.600000 0.600000 0.600000
2850.250488 0.000000 771.570190 0.000000 0.805310 0.000000 -0.592854 0.600000 0.600000 0.600000
2867.637939 0.000000 770.267395 0.000000 0.382420 0.000000 0.923989 0.600000 0.600000 0.600000
2848.787354 0.000000 780.829773 0.000000 0.197503 0.000000 0.980302 0.600000 0.600000 0.600000
2847.342773 0.000000 783.158081 0.000000 0.999974 0.000000 -0.007258 0.600000 0.600000 0.600000
2851.305664 0.000000 780.681641 0.000000 0.728601 0.000000 0.684938 0.600000 0.600000 0.600000
2878.729736 0.000000 774.317322 0.000000 0.978594 0.000000 0.205799 0.600000 0.600000 0.600000
2879.245361 0.000000 777.129578 0.000000 0.541811 0.000000 -0.840500 0.600000 0.600000 0.600000
2850.004883 0.000000 781.715881 0.000000 0.320876 0.000000 0.947121 0.600000 0.600000 0.600000
2853.991211 0.000000 781.036499 0.000000 0.147878 0.000000 -0.989006 0.600000 0.600000 0.600000
2852.813721 0.000000 778.661804 0.000000 0.894967 0.000000 0.446133 0.600000 0.600000 0.600000
2852.507324 0.000000 781.477112 0.000000 0.146607 0.000000 0.989195 0.600000 0.600000 0.600000
2876.784912 0.000000 777.796387 0.000000 0.790941 0.000000 0.611892 0.600000 0.600000 0.600000
2877.522217 0.000000 776.865906 0.000000 0.973723 0.000000 0.227735 0.600000 0.600000 0.600000
2844.515137 0.000000 806.371033 0.000000 0.577983 0.000000 -0.816049 0.600000 0.600000 0.600000
2842.995850 0.000000 809.870789 0.000000 0.069558 0.000000 0.997578 0.600000 0.600000 0.600000
2846.024414 0.000000 810.017456 0.000000 0.970326 0.000000 0.241801 0.600000 0.600000 0.600000
2846.316650 0.000000 804.742493 0.000000 0.364754 0.000000 -0.931104 0.600000 0.600000 0.600000
2846.199951 0.000000 807.841003 0.000000 0.582429 0.000000 0.812881 0.600000 0.600000 0.600000
2846.317139 0.000000 814.555542 0.000000 0.354335 0.000000 -0.935119 0.600000 0.600000 0.600000
2844.361084 0.000000 808.503723 0.000000 0.990711 0.000000 0.135983 0.600000 0.600000 0.600000
2844.488525 0.000000 811.075806 0.000000 0.349414 0.000000 0.936969 0.600000 0.600000 0.600000
2846.638916 0.000000 811.763245 0.000000 0.694460 0.000000 -0.719532 0.600000 0.600000 0.600000
2847.282715 0.000000 810.548218 0.000000 0.620365 0.000000 0.784314 0.600000 0.600000 0.600000
2844.792725 0.000000 809.780762 0.000000 0.838724 0.000000 0.544557 0.600000 0.600000 0.600000
2845.530029 0.000000 808.850281 0.000000 0.161295 0.000000 0.986906 0.600000 0.600000 0.600000
2848.056152 0.000000 807.534363 0.000000 0.055406 0.000000 0.998464 0.600000 0.600000 0.600000
2849.985352 0.000000 811.768555 0.000000 0.715161 0.000000 -0.698960 0.600000 0.600000 0.600000
2848.686279 0.000000 814.375977 0.000000 0.638590 0.000000 -0.769547 0.600000 0.600000 0.600000
2848.947510 0.000000 802.542725 0.000000 0.264000 0.000000 0.964523 0.600000 0.600000 0.600000
2848.977539 0.000000 806.137756 0.000000 0.972214 0.000000 -0.234092 0.600000 0.600000 0.600000
2849.437256 0.000000 807.413269 0.000000 0.166864 0.000000 0.985980 0.600000 0.600000 0.600000
2880.458008 0.000000 772.353271 0.000000 0.220444 0.000000 0.975400 0.600000 0.600000 0.600000
2880.939697 0.000000 770.558350 0.000000 0.220944 0.000000 -0.975286 0.600000 0.600000 0.600000
2882.242676 0.000000 771.570190 0.000000 0.936701 0.000000 0.350130 0.600000 0.600000 0.600000
2879.746094 0.000000 776.773987 0.000000 0.950597 0.000000 -0.310427 0.600000 0.600000 0.600000
"}
