object={
	name="charo_hidden_grave_pine_generator_1_0"
	render_pass=Map
	clamp_to_water_level=no
	generated_content=yes
	layer="tree_high_layer"
	pdxmesh="charo_hidden_grave_pine_a_mesh"
	count=44
	transform="2738.808838 0.000000 761.828247 0.000000 0.158404 0.000000 -0.987374 0.600000 0.600000 0.600000
2728.375488 0.000000 761.856140 0.000000 0.542029 0.000000 0.840360 0.600000 0.600000 0.600000
2726.327148 0.000000 760.464050 0.000000 0.999643 0.000000 0.026710 0.600000 0.600000 0.600000
2779.011475 0.000000 745.902039 0.000000 0.944987 0.000000 0.327107 0.600000 0.600000 0.600000
2777.551758 0.000000 748.187805 0.000000 0.901820 0.000000 -0.432112 0.600000 0.600000 0.600000
2777.432373 0.000000 746.501404 0.000000 0.838423 0.000000 -0.545020 0.600000 0.600000 0.600000
2810.665771 0.000000 741.271667 0.000000 0.015595 0.000000 0.999878 0.600000 0.600000 0.600000
2800.773438 0.000000 763.480225 0.000000 0.927423 0.000000 0.374015 0.600000 0.600000 0.600000
2812.632080 0.000000 740.883667 0.000000 0.783543 0.000000 -0.621338 0.600000 0.600000 0.600000
2813.613037 0.000000 741.836182 0.000000 0.293513 0.000000 0.955955 0.600000 0.600000 0.600000
2813.075439 0.000000 743.450500 0.000000 0.992891 0.000000 0.119027 0.600000 0.600000 0.600000
2888.190918 0.000000 701.602722 0.000000 0.022367 0.000000 -0.999750 0.600000 0.600000 0.600000
2889.215576 0.000000 700.262451 0.000000 0.441274 0.000000 -0.897372 0.600000 0.600000 0.600000
2873.237793 0.000000 724.503845 0.000000 0.428704 0.000000 0.903445 0.600000 0.600000 0.600000
2833.912109 0.000000 758.593445 0.000000 0.180958 0.000000 -0.983491 0.600000 0.600000 0.600000
2841.245605 0.000000 756.488220 0.000000 0.774679 0.000000 -0.632355 0.600000 0.600000 0.600000
2864.135986 0.000000 756.069397 0.000000 0.996880 0.000000 0.078936 0.600000 0.600000 0.600000
2861.659668 0.000000 764.979919 0.000000 0.933864 0.000000 0.357627 0.600000 0.600000 0.600000
2880.048340 0.000000 711.581238 0.000000 0.290792 0.000000 0.956786 0.600000 0.600000 0.600000
2890.084717 0.000000 703.831421 0.000000 0.687994 0.000000 -0.725716 0.600000 0.600000 0.600000
2882.292969 0.000000 709.239563 0.000000 0.801819 0.000000 0.597567 0.600000 0.600000 0.600000
2881.552002 0.000000 708.421448 0.000000 0.405716 0.000000 -0.913999 0.600000 0.600000 0.600000
2880.276123 0.000000 709.404053 0.000000 0.998081 0.000000 0.061919 0.600000 0.600000 0.600000
2922.653320 0.000000 710.812988 0.000000 0.955062 0.000000 0.296405 0.600000 0.600000 0.600000
2887.831055 0.000000 744.346008 0.000000 0.229185 0.000000 -0.973383 0.600000 0.600000 0.600000
2889.687744 0.000000 744.558960 0.000000 0.652548 0.000000 0.757748 0.600000 0.600000 0.600000
2736.167236 0.000000 788.053772 0.000000 0.921061 0.000000 -0.389418 0.600000 0.600000 0.600000
2734.697021 0.000000 789.716187 0.000000 0.937679 0.000000 0.347502 0.600000 0.600000 0.600000
2734.381592 0.000000 787.405823 0.000000 0.401049 0.000000 -0.916056 0.600000 0.600000 0.600000
2779.645508 0.000000 793.795471 0.000000 0.743265 0.000000 -0.668997 0.600000 0.600000 0.600000
2766.794678 0.000000 781.750305 0.000000 0.330839 0.000000 -0.943687 0.600000 0.600000 0.600000
2765.580078 0.000000 799.102112 0.000000 0.278287 0.000000 -0.960498 0.600000 0.600000 0.600000
2760.367676 0.000000 793.840515 0.000000 0.973482 0.000000 0.228764 0.600000 0.600000 0.600000
2770.874268 0.000000 789.518250 0.000000 0.038812 0.000000 -0.999247 0.600000 0.600000 0.600000
2770.979004 0.000000 788.392212 0.000000 1.000000 0.000000 -0.000463 0.600000 0.600000 0.600000
2809.166504 0.000000 786.036987 0.000000 0.976039 0.000000 0.217597 0.600000 0.600000 0.600000
2809.253418 0.000000 788.472595 0.000000 0.136172 0.000000 0.990685 0.600000 0.600000 0.600000
2825.132568 0.000000 772.134155 0.000000 0.989476 0.000000 0.144697 0.600000 0.600000 0.600000
2851.387939 0.000000 782.282715 0.000000 0.604080 0.000000 0.796923 0.600000 0.600000 0.600000
2852.890137 0.000000 780.156494 0.000000 0.996242 0.000000 0.086610 0.600000 0.600000 0.600000
2876.480713 0.000000 779.091431 0.000000 0.264569 0.000000 0.964367 0.600000 0.600000 0.600000
2844.944336 0.000000 812.901672 0.000000 0.866158 0.000000 0.499771 0.600000 0.600000 0.600000
2847.420654 0.000000 812.044556 0.000000 0.792118 0.000000 -0.610368 0.600000 0.600000 0.600000
2848.465820 0.000000 804.337646 0.000000 0.985492 0.000000 0.169720 0.600000 0.600000 0.600000
"}
