object={
	name="charo_hidden_grave_pine_generator_2_0"
	render_pass=Map
	clamp_to_water_level=no
	generated_content=yes
	layer="tree_high_layer"
	pdxmesh="charo_hidden_grave_pine_b_mesh"
	count=6
	transform="2750.416504 0.000000 761.177246 0.000000 0.115643 0.000000 -0.993291 0.600000 0.600000 0.600000
2751.579102 0.000000 761.192444 0.000000 0.998559 0.000000 -0.053664 0.600000 0.600000 0.600000
2765.683105 0.000000 764.979919 0.000000 0.909972 0.000000 -0.414670 0.600000 0.600000 0.600000
2900.899170 0.000000 746.526672 0.000000 0.803398 0.000000 0.595442 0.600000 0.600000 0.600000
2876.353271 0.000000 776.519348 0.000000 0.990455 0.000000 -0.137834 0.600000 0.600000 0.600000
2849.513184 0.000000 784.128723 0.000000 0.698806 0.000000 0.715311 0.600000 0.600000 0.600000
"}
