object={
	name="shadowland_tree_high_generator_3_0"
	render_pass=Map
	clamp_to_water_level=no
	generated_content=yes
	layer="tree_high_layer"
	pdxmesh="shadowland_tree_c_mesh"
	count=32
	transform="2705.943359 0.000000 1174.390259 0.000000 0.699949 0.000000 -0.714193 0.921539 0.921539 0.921539
2706.016846 0.000000 1167.997925 0.000000 0.207279 0.000000 -0.978282 0.818770 0.818770 0.818770
2702.998779 0.000000 1179.397461 0.000000 0.764417 0.000000 -0.644722 0.826868 0.826868 0.826868
2710.161865 0.000000 1177.658569 0.000000 0.899514 0.000000 0.436891 0.791060 0.791060 0.791060
2699.177734 0.000000 1176.638916 0.000000 0.101232 0.000000 0.994863 0.743653 0.743653 0.743653
2717.975586 0.000000 1169.508301 0.000000 0.633271 0.000000 -0.773930 0.837650 0.837650 0.837650
2708.646729 0.000000 1175.348755 0.000000 0.161578 0.000000 -0.986860 0.891145 0.891145 0.891145
2720.324219 0.000000 1172.937500 0.000000 0.222074 0.000000 -0.975030 0.810491 0.810491 0.810491
2722.116943 0.000000 1180.708374 0.000000 0.818737 0.000000 0.574168 0.790472 0.790472 0.790472
2719.693359 0.000000 1168.515381 0.000000 0.463720 0.000000 -0.885982 0.838483 0.838483 0.838483
2688.095215 0.000000 1191.346802 0.000000 0.343517 0.000000 0.939146 0.702036 0.702036 0.702036
2698.829102 0.000000 1199.133179 0.000000 0.978684 0.000000 0.205373 0.796654 0.796654 0.796654
2693.036133 0.000000 1183.813477 0.000000 0.241996 0.000000 0.970277 0.788874 0.788874 0.788874
2707.503418 0.000000 1214.382812 0.000000 0.872003 0.000000 -0.489500 0.816857 0.816857 0.816857
2695.877930 0.000000 1192.127319 0.000000 0.776951 0.000000 0.629561 0.790207 0.790207 0.790207
2691.427002 0.000000 1198.079590 0.000000 0.092833 0.000000 -0.995682 0.831877 0.831877 0.831877
2695.563232 0.000000 1206.094971 0.000000 0.824952 0.000000 0.565203 0.708223 0.708223 0.708223
2710.286621 0.000000 1205.066406 0.000000 0.996887 0.000000 0.078843 0.795697 0.795697 0.795697
2691.746338 0.000000 1193.582275 0.000000 0.691875 0.000000 0.722018 0.763265 0.763265 0.763265
2702.810303 0.000000 1197.547119 0.000000 0.286972 0.000000 -0.957939 0.878211 0.878211 0.878211
2697.155273 0.000000 1202.526245 0.000000 0.988854 0.000000 0.148886 0.794807 0.794807 0.794807
2688.504883 0.000000 1188.150146 0.000000 0.875138 0.000000 0.483873 0.772158 0.772158 0.772158
2718.055664 0.000000 1193.829956 0.000000 0.993953 0.000000 -0.109804 0.807186 0.807186 0.807186
2704.468750 0.000000 1213.989014 0.000000 0.987073 0.000000 0.160273 0.790934 0.790934 0.790934
2693.274170 0.000000 1191.132935 0.000000 0.949816 0.000000 -0.312808 0.825734 0.825734 0.825734
2708.646729 0.000000 1207.333130 0.000000 0.536144 0.000000 -0.844127 0.883696 0.883696 0.883696
2720.087402 0.000000 1191.346802 0.000000 0.913725 0.000000 0.406332 0.797242 0.797242 0.797242
2725.028320 0.000000 1183.813477 0.000000 0.646075 0.000000 0.763274 0.785952 0.785952 0.785952
2719.451904 0.000000 1195.857056 0.000000 0.712028 0.000000 0.702151 0.766885 0.766885 0.766885
2722.732178 0.000000 1185.763428 0.000000 0.132399 0.000000 0.991197 0.683682 0.683682 0.683682
2722.750244 0.000000 1190.870483 0.000000 0.779277 0.000000 0.626680 0.743998 0.743998 0.743998
2695.877930 0.000000 1224.111694 0.000000 0.437975 0.000000 -0.898987 0.854903 0.854903 0.854903
"}
