object={
	name="shadowland_tree_high_generator_2_0"
	render_pass=Map
	clamp_to_water_level=no
	generated_content=yes
	layer="tree_high_layer"
	pdxmesh="shadowland_tree_b_mesh"
	count=8
	transform="2719.586914 0.000000 1176.989258 0.000000 0.598548 0.000000 0.801087 0.380052 0.380052 0.380052
2695.445801 0.000000 1196.711426 0.000000 0.890678 0.000000 -0.454636 0.408248 0.408248 0.408248
2695.134521 0.000000 1199.891479 0.000000 0.999888 0.000000 -0.014936 0.400395 0.400395 0.400395
2698.095703 0.000000 1196.549683 0.000000 0.953754 0.000000 0.300588 0.385365 0.385365 0.385365
2723.738525 0.000000 1193.582275 0.000000 0.937592 0.000000 0.347736 0.393261 0.393261 0.393261
2722.016602 0.000000 1195.581055 0.000000 0.023143 0.000000 -0.999732 0.458730 0.458730 0.458730
2720.508789 0.000000 1193.707397 0.000000 0.899891 0.000000 0.436114 0.372961 0.372961 0.372961
2698.708008 0.000000 1222.562988 0.000000 0.768367 0.000000 0.640010 0.375379 0.375379 0.375379
"}
