object={
	name="shadowland_pine_generator_1_0"
	render_pass=Map
	clamp_to_water_level=no
	generated_content=yes
	layer="tree_high_layer"
	pdxmesh="shadowland_pine_a_mesh"
	count=268
	transform="2666.836914 0.000000 847.304993 0.000000 0.550314 0.000000 -0.834958 0.600000 0.600000 0.600000
2657.807373 0.000000 858.297485 0.000000 0.999997 0.000000 0.002395 0.600000 0.600000 0.600000
2665.237305 0.000000 855.756470 0.000000 0.463961 0.000000 0.885856 0.600000 0.600000 0.600000
2663.545898 0.000000 852.985718 0.000000 0.509510 0.000000 -0.860465 0.600000 0.600000 0.600000
2650.883545 0.000000 863.954346 0.000000 0.266921 0.000000 0.963718 0.600000 0.600000 0.600000
2652.562012 0.000000 870.339783 0.000000 0.089580 0.000000 0.995980 0.600000 0.600000 0.600000
2678.169678 0.000000 889.799133 0.000000 0.399913 0.000000 0.916553 0.600000 0.600000 0.600000
2665.163086 0.000000 882.682495 0.000000 0.858238 0.000000 -0.513251 0.600000 0.600000 0.600000
2666.715820 0.000000 870.734863 0.000000 0.694361 0.000000 -0.719627 0.600000 0.600000 0.600000
2660.937012 0.000000 876.109619 0.000000 0.953345 0.000000 -0.301883 0.600000 0.600000 0.600000
2679.470947 0.000000 887.671448 0.000000 0.433446 0.000000 -0.901180 0.600000 0.600000 0.600000
2661.404541 0.000000 866.378967 0.000000 0.997032 0.000000 -0.076989 0.600000 0.600000 0.600000
2666.854492 0.000000 883.842224 0.000000 0.909988 0.000000 -0.414634 0.600000 0.600000 0.600000
2679.987305 0.000000 889.349976 0.000000 0.998887 0.000000 0.047176 0.600000 0.600000 0.600000
2656.415283 0.000000 879.693054 0.000000 0.255896 0.000000 -0.966704 0.600000 0.600000 0.600000
2743.188232 0.000000 798.718079 0.000000 0.958543 0.000000 0.284947 0.600000 0.600000 0.600000
2738.578125 0.000000 809.942444 0.000000 0.453659 0.000000 -0.891176 0.600000 0.600000 0.600000
2737.340088 0.000000 818.174561 0.000000 0.443219 0.000000 -0.896414 0.600000 0.600000 0.600000
2744.838135 0.000000 804.692627 0.000000 0.718285 0.000000 -0.695749 0.600000 0.600000 0.600000
2735.437256 0.000000 831.474426 0.000000 0.563023 0.000000 -0.826441 0.600000 0.600000 0.600000
2734.765869 0.000000 830.084961 0.000000 0.926343 0.000000 0.376681 0.600000 0.600000 0.600000
2810.844482 0.000000 799.985596 0.000000 0.700451 0.000000 0.713701 0.600000 0.600000 0.600000
2791.854492 0.000000 808.314758 0.000000 0.909436 0.000000 -0.415844 0.600000 0.600000 0.600000
2812.952148 0.000000 812.901672 0.000000 0.968949 0.000000 -0.247260 0.600000 0.600000 0.600000
2795.828125 0.000000 810.771606 0.000000 0.700781 0.000000 0.713376 0.600000 0.600000 0.600000
2795.154297 0.000000 824.810730 0.000000 0.993589 0.000000 0.113056 0.600000 0.600000 0.600000
2807.093506 0.000000 800.321533 0.000000 0.999998 0.000000 -0.002179 0.600000 0.600000 0.600000
2813.149658 0.000000 802.797668 0.000000 0.949792 0.000000 0.312881 0.600000 0.600000 0.600000
2810.077637 0.000000 814.716248 0.000000 0.703008 0.000000 0.711182 0.600000 0.600000 0.600000
2792.359863 0.000000 825.824890 0.000000 0.524306 0.000000 0.851530 0.600000 0.600000 0.600000
2793.259033 0.000000 810.345032 0.000000 0.555573 0.000000 0.831468 0.600000 0.600000 0.600000
2806.604980 0.000000 808.271362 0.000000 0.581232 0.000000 -0.813738 0.600000 0.600000 0.600000
2808.269043 0.000000 815.947510 0.000000 0.364022 0.000000 0.931390 0.600000 0.600000 0.600000
2808.845215 0.000000 808.970642 0.000000 0.352702 0.000000 0.935736 0.600000 0.600000 0.600000
2812.506348 0.000000 800.593506 0.000000 0.213170 0.000000 0.977015 0.600000 0.600000 0.600000
2807.924805 0.000000 807.744873 0.000000 0.785295 0.000000 -0.619122 0.600000 0.600000 0.600000
2806.388428 0.000000 809.625916 0.000000 0.989985 0.000000 0.141174 0.600000 0.600000 0.600000
2707.503418 0.000000 862.554626 0.000000 0.999886 0.000000 -0.015112 0.600000 0.600000 0.600000
2700.194336 0.000000 859.482788 0.000000 0.823502 0.000000 -0.567314 0.600000 0.600000 0.600000
2733.519531 0.000000 835.423584 0.000000 0.498880 0.000000 0.866671 0.600000 0.600000 0.600000
2740.105469 0.000000 839.796509 0.000000 0.606748 0.000000 0.794895 0.600000 0.600000 0.600000
2745.775635 0.000000 835.242920 0.000000 0.923414 0.000000 0.383806 0.600000 0.600000 0.600000
2734.088135 0.000000 832.453613 0.000000 0.659088 0.000000 -0.752066 0.600000 0.600000 0.600000
2740.938232 0.000000 842.479797 0.000000 0.922408 0.000000 0.386218 0.600000 0.600000 0.600000
2732.428955 0.000000 845.509094 0.000000 0.604536 0.000000 0.796578 0.600000 0.600000 0.600000
2734.120850 0.000000 843.406372 0.000000 0.093504 0.000000 -0.995619 0.600000 0.600000 0.600000
2732.460693 0.000000 854.780396 0.000000 0.516528 0.000000 -0.856270 0.600000 0.600000 0.600000
2733.246582 0.000000 840.446716 0.000000 0.702069 0.000000 -0.712109 0.600000 0.600000 0.600000
2693.036133 0.000000 863.969666 0.000000 0.640557 0.000000 -0.767910 0.600000 0.600000 0.600000
2707.503418 0.000000 894.539001 0.000000 0.997361 0.000000 0.072604 0.600000 0.600000 0.600000
2731.077148 0.000000 866.227356 0.000000 0.850987 0.000000 0.525187 0.600000 0.600000 0.600000
2725.388916 0.000000 866.378967 0.000000 0.940263 0.000000 -0.340448 0.600000 0.600000 0.600000
2752.500977 0.000000 841.879272 0.000000 0.783953 0.000000 -0.620820 0.600000 0.600000 0.600000
2724.175293 0.000000 996.635620 0.000000 0.951307 0.000000 0.308245 0.600000 0.600000 0.600000
2725.388916 0.000000 994.316467 0.000000 0.696814 0.000000 0.717252 0.600000 0.600000 0.600000
2798.681396 0.000000 981.622437 0.000000 0.795065 0.000000 -0.606525 0.600000 0.600000 0.600000
2809.166504 0.000000 1009.927612 0.000000 0.793767 0.000000 0.608222 0.600000 0.600000 0.600000
2860.787598 0.000000 788.522095 0.000000 0.263513 0.000000 -0.964656 0.600000 0.600000 0.600000
2870.247559 0.000000 789.269531 0.000000 0.588995 0.000000 0.808137 0.600000 0.600000 0.600000
2860.006592 0.000000 785.985168 0.000000 0.533458 0.000000 0.845827 0.600000 0.600000 0.600000
2815.669922 0.000000 816.687256 0.000000 0.675717 0.000000 0.737161 0.600000 0.600000 0.600000
2829.698730 0.000000 807.261597 0.000000 0.245512 0.000000 -0.969393 0.600000 0.600000 0.600000
2829.564453 0.000000 831.086487 0.000000 0.318554 0.000000 -0.947905 0.600000 0.600000 0.600000
2817.938965 0.000000 818.620178 0.000000 0.569261 0.000000 0.822157 0.600000 0.600000 0.600000
2843.136963 0.000000 828.477539 0.000000 0.189460 0.000000 0.981888 0.600000 0.600000 0.600000
2817.993164 0.000000 811.768555 0.000000 0.053916 0.000000 -0.998545 0.600000 0.600000 0.600000
2820.897949 0.000000 812.140869 0.000000 0.279104 0.000000 0.960261 0.600000 0.600000 0.600000
2821.614990 0.000000 814.421753 0.000000 0.042817 0.000000 0.999083 0.600000 0.600000 0.600000
2831.413818 0.000000 831.474426 0.000000 0.203276 0.000000 -0.979122 0.600000 0.600000 0.600000
2830.742432 0.000000 830.084961 0.000000 0.365051 0.000000 0.930988 0.600000 0.600000 0.600000
2868.607666 0.000000 823.520569 0.000000 0.499747 0.000000 -0.866171 0.600000 0.600000 0.600000
2859.045898 0.000000 802.258606 0.000000 0.749808 0.000000 -0.661655 0.600000 0.600000 0.600000
2887.516357 0.000000 822.282471 0.000000 0.816965 0.000000 0.576688 0.600000 0.600000 0.600000
2894.049072 0.000000 800.469238 0.000000 0.533475 0.000000 0.845816 0.600000 0.600000 0.600000
2900.899170 0.000000 810.495422 0.000000 0.041495 0.000000 0.999139 0.600000 0.600000 0.600000
2887.491211 0.000000 821.001343 0.000000 0.557776 0.000000 -0.829992 0.600000 0.600000 0.600000
2815.501221 0.000000 833.238220 0.000000 0.604549 0.000000 -0.796568 0.600000 0.600000 0.600000
2839.237305 0.000000 836.028259 0.000000 0.426246 0.000000 0.904607 0.600000 0.600000 0.600000
2832.910889 0.000000 835.534424 0.000000 0.101839 0.000000 0.994801 0.600000 0.600000 0.600000
2850.085693 0.000000 860.864563 0.000000 0.998496 0.000000 0.054827 0.600000 0.600000 0.600000
2868.795898 0.000000 835.564514 0.000000 0.705725 0.000000 -0.708486 0.600000 0.600000 0.600000
2876.507324 0.000000 838.355408 0.000000 0.696034 0.000000 -0.718009 0.600000 0.600000 0.600000
2860.787598 0.000000 852.490845 0.000000 0.929360 0.000000 -0.369174 0.600000 0.600000 0.600000
2868.020996 0.000000 832.627380 0.000000 0.065776 0.000000 0.997834 0.600000 0.600000 0.600000
2861.659668 0.000000 860.933044 0.000000 0.623357 0.000000 0.781937 0.600000 0.600000 0.600000
2874.629883 0.000000 852.376282 0.000000 0.728511 0.000000 0.685034 0.600000 0.600000 0.600000
2869.304932 0.000000 832.985291 0.000000 0.999006 0.000000 -0.044570 0.600000 0.600000 0.600000
2874.044189 0.000000 853.523010 0.000000 0.625367 0.000000 0.780331 0.600000 0.600000 0.600000
2871.147217 0.000000 833.477722 0.000000 0.841052 0.000000 0.540955 0.600000 0.600000 0.600000
2833.912109 0.000000 886.530945 0.000000 0.172987 0.000000 0.984924 0.600000 0.600000 0.600000
2823.846680 0.000000 872.283508 0.000000 0.749096 0.000000 0.662461 0.600000 0.600000 0.600000
2830.659668 0.000000 887.905457 0.000000 0.992652 0.000000 0.121008 0.600000 0.600000 0.600000
2818.103516 0.000000 895.537354 0.000000 0.099111 0.000000 0.995076 0.600000 0.600000 0.600000
2825.251221 0.000000 874.313782 0.000000 0.980845 0.000000 -0.194789 0.600000 0.600000 0.600000
2822.995850 0.000000 883.902527 0.000000 0.853244 0.000000 -0.521512 0.600000 0.600000 0.600000
2843.198730 0.000000 881.218750 0.000000 0.290978 0.000000 0.956730 0.600000 0.600000 0.600000
2823.202881 0.000000 882.022156 0.000000 0.877878 0.000000 0.478885 0.600000 0.600000 0.600000
2825.703369 0.000000 872.496460 0.000000 0.805259 0.000000 -0.592923 0.600000 0.600000 0.600000
2851.387939 0.000000 878.235840 0.000000 0.797844 0.000000 0.602864 0.600000 0.600000 0.600000
2859.138672 0.000000 888.779480 0.000000 0.064062 0.000000 -0.997946 0.600000 0.600000 0.600000
2865.448486 0.000000 871.849854 0.000000 0.436319 0.000000 -0.899792 0.600000 0.600000 0.600000
2894.763428 0.000000 845.719055 0.000000 0.443283 0.000000 -0.896382 0.600000 0.600000 0.600000
2887.087646 0.000000 880.047729 0.000000 0.367087 0.000000 -0.930186 0.600000 0.600000 0.600000
2883.927002 0.000000 890.984558 0.000000 0.992230 0.000000 0.124419 0.600000 0.600000 0.600000
2871.077881 0.000000 896.274658 0.000000 0.383783 0.000000 -0.923423 0.600000 0.600000 0.600000
2876.136719 0.000000 919.403809 0.000000 0.990636 0.000000 -0.136530 0.600000 0.600000 0.600000
2855.610107 0.000000 907.068665 0.000000 0.898397 0.000000 0.439184 0.600000 0.600000 0.600000
2864.757812 0.000000 923.402100 0.000000 0.999483 0.000000 0.032167 0.600000 0.600000 0.600000
2856.881592 0.000000 923.126709 0.000000 0.444173 0.000000 -0.895941 0.600000 0.600000 0.600000
2836.803711 0.000000 931.517639 0.000000 0.501644 0.000000 -0.865074 0.600000 0.600000 0.600000
2870.371826 0.000000 942.685486 0.000000 1.000000 0.000000 0.000008 0.600000 0.600000 0.600000
2872.253418 0.000000 943.885010 0.000000 0.706547 0.000000 -0.707666 0.600000 0.600000 0.600000
2872.152344 0.000000 941.734314 0.000000 0.170274 0.000000 0.985397 0.600000 0.600000 0.600000
2887.594238 0.000000 897.437744 0.000000 0.942212 0.000000 0.335018 0.600000 0.600000 0.600000
2896.843750 0.000000 908.362976 0.000000 0.309570 0.000000 -0.950877 0.600000 0.600000 0.600000
2887.318848 0.000000 899.337952 0.000000 0.544399 0.000000 -0.838826 0.600000 0.600000 0.600000
2845.584961 0.000000 989.884216 0.000000 0.448220 0.000000 0.893923 0.600000 0.600000 0.600000
2843.656982 0.000000 979.323975 0.000000 0.971143 0.000000 -0.238497 0.600000 0.600000 0.600000
2846.988770 0.000000 987.559204 0.000000 0.494932 0.000000 -0.868932 0.600000 0.600000 0.600000
2858.790039 0.000000 975.242493 0.000000 0.757133 0.000000 0.653260 0.600000 0.600000 0.600000
2857.116211 0.000000 978.635620 0.000000 0.093388 0.000000 0.995630 0.600000 0.600000 0.600000
2867.225342 0.000000 979.245422 0.000000 0.921663 0.000000 -0.387992 0.600000 0.600000 0.600000
2869.910889 0.000000 977.720886 0.000000 0.323756 0.000000 0.946141 0.600000 0.600000 0.600000
2868.568604 0.000000 973.265869 0.000000 0.999233 0.000000 0.039147 0.600000 0.600000 0.600000
2866.777344 0.000000 977.819702 0.000000 0.562115 0.000000 0.827059 0.600000 0.600000 0.600000
2841.158691 0.000000 1009.927612 0.000000 0.842672 0.000000 0.538427 0.600000 0.600000 0.600000
2828.795410 0.000000 1012.412720 0.000000 0.946541 0.000000 0.322584 0.600000 0.600000 0.600000
2845.584961 0.000000 1021.868591 0.000000 0.690825 0.000000 -0.723022 0.600000 0.600000 0.600000
2819.593018 0.000000 1016.443359 0.000000 0.105319 0.000000 -0.994438 0.600000 0.600000 0.600000
2838.379639 0.000000 1006.654236 0.000000 0.624199 0.000000 -0.781265 0.600000 0.600000 0.600000
2840.261230 0.000000 1007.853760 0.000000 0.774296 0.000000 0.632824 0.600000 0.600000 0.600000
2844.361084 0.000000 1000.409973 0.000000 0.440077 0.000000 -0.897960 0.600000 0.600000 0.600000
2836.487793 0.000000 1017.271423 0.000000 0.964936 0.000000 -0.262485 0.600000 0.600000 0.600000
2857.116211 0.000000 1010.619995 0.000000 0.557870 0.000000 0.829929 0.600000 0.600000 0.600000
2871.077881 0.000000 992.227783 0.000000 0.100784 0.000000 -0.994908 0.600000 0.600000 0.600000
2854.988037 0.000000 1011.840027 0.000000 0.900904 0.000000 -0.434018 0.600000 0.600000 0.600000
2854.509521 0.000000 992.297668 0.000000 0.998947 0.000000 -0.045870 0.600000 0.600000 0.600000
2892.389893 0.000000 973.446594 0.000000 0.960283 0.000000 -0.279027 0.600000 0.600000 0.600000
2891.692383 0.000000 981.366394 0.000000 0.248428 0.000000 0.968650 0.600000 0.600000 0.600000
2934.573730 0.000000 968.193237 0.000000 0.346602 0.000000 -0.938012 0.600000 0.600000 0.600000
2879.654297 0.000000 1008.593506 0.000000 0.439032 0.000000 -0.898471 0.600000 0.600000 0.600000
2882.263184 0.000000 1002.106567 0.000000 0.882626 0.000000 -0.470075 0.600000 0.600000 0.600000
2961.028564 0.000000 959.810669 0.000000 0.761590 0.000000 -0.648059 0.600000 0.600000 0.600000
2948.120605 0.000000 964.651245 0.000000 0.995288 0.000000 0.096959 0.600000 0.600000 0.600000
2684.983398 0.000000 1036.792236 0.000000 0.999951 0.000000 -0.009856 0.600000 0.600000 0.600000
2686.356201 0.000000 1038.446167 0.000000 0.526730 0.000000 0.850033 0.600000 0.600000 0.600000
2687.594727 0.000000 1049.051758 0.000000 0.470365 0.000000 0.882472 0.600000 0.600000 0.600000
2737.935547 0.000000 1046.452759 0.000000 0.025248 0.000000 -0.999681 0.600000 0.600000 0.600000
2727.126709 0.000000 1039.969604 0.000000 0.977614 0.000000 0.210404 0.600000 0.600000 0.600000
2736.550049 0.000000 1049.490845 0.000000 0.999120 0.000000 -0.041935 0.600000 0.600000 0.600000
2698.708008 0.000000 1062.641113 0.000000 0.180493 0.000000 0.983576 0.600000 0.600000 0.600000
2719.524658 0.000000 1057.128784 0.000000 0.685883 0.000000 0.727712 0.600000 0.600000 0.600000
2781.600586 0.000000 1053.853027 0.000000 0.451593 0.000000 -0.892224 0.600000 0.600000 0.600000
2754.742432 0.000000 1030.948608 0.000000 0.466462 0.000000 -0.884541 0.600000 0.600000 0.600000
2803.240967 0.000000 1043.214111 0.000000 0.345634 0.000000 -0.938369 0.600000 0.600000 0.600000
2796.445068 0.000000 1046.686646 0.000000 0.376245 0.000000 0.926520 0.600000 0.600000 0.600000
2774.395264 0.000000 1070.623047 0.000000 0.304767 0.000000 0.952427 0.600000 0.600000 0.600000
2778.673584 0.000000 1061.115356 0.000000 0.080326 0.000000 -0.996769 0.600000 0.600000 0.600000
2779.214355 0.000000 1073.125000 0.000000 0.923670 0.000000 0.383188 0.600000 0.600000 0.600000
2780.639893 0.000000 1060.727417 0.000000 0.746850 0.000000 0.664993 0.600000 0.600000 0.600000
2798.105225 0.000000 1067.296997 0.000000 0.919031 0.000000 0.394186 0.600000 0.600000 0.600000
2799.523926 0.000000 1064.627441 0.000000 0.510004 0.000000 0.860172 0.600000 0.600000 0.600000
2788.522949 0.000000 1069.336426 0.000000 0.368335 0.000000 0.929693 0.600000 0.600000 0.600000
2710.161865 0.000000 1113.689819 0.000000 0.446269 0.000000 -0.894899 0.600000 0.600000 0.600000
2693.234863 0.000000 1104.047607 0.000000 0.994654 0.000000 -0.103269 0.600000 0.600000 0.600000
2736.229980 0.000000 1097.921021 0.000000 0.854735 0.000000 -0.519065 0.600000 0.600000 0.600000
2750.047852 0.000000 1097.876831 0.000000 0.870292 0.000000 -0.492536 0.600000 0.600000 0.600000
2741.651123 0.000000 1093.795044 0.000000 0.983020 0.000000 -0.183498 0.600000 0.600000 0.600000
2710.052490 0.000000 1132.384033 0.000000 0.326982 0.000000 0.945031 0.600000 0.600000 0.600000
2711.157715 0.000000 1147.214478 0.000000 0.926202 0.000000 0.377027 0.600000 0.600000 0.600000
2750.416504 0.000000 1144.989746 0.000000 0.946812 0.000000 0.321786 0.600000 0.600000 0.600000
2747.680420 0.000000 1139.245850 0.000000 0.712369 0.000000 -0.701805 0.600000 0.600000 0.600000
2750.340576 0.000000 1134.399292 0.000000 0.249332 0.000000 0.968418 0.600000 0.600000 0.600000
2721.080811 0.000000 1150.094604 0.000000 0.426154 0.000000 -0.904651 0.600000 0.600000 0.600000
2769.088867 0.000000 1093.038330 0.000000 0.583858 0.000000 -0.811855 0.600000 0.600000 0.600000
2751.379639 0.000000 1117.997192 0.000000 0.221922 0.000000 -0.975065 0.600000 0.600000 0.600000
2766.113037 0.000000 1099.281372 0.000000 0.599241 0.000000 0.800568 0.600000 0.600000 0.600000
2762.435791 0.000000 1105.597656 0.000000 0.988340 0.000000 -0.152260 0.600000 0.600000 0.600000
2798.133057 0.000000 1097.172241 0.000000 0.969065 0.000000 -0.246804 0.600000 0.600000 0.600000
2784.993164 0.000000 1093.997192 0.000000 0.918470 0.000000 -0.395491 0.600000 0.600000 0.600000
2780.959961 0.000000 1132.745361 0.000000 0.621792 0.000000 0.783182 0.600000 0.600000 0.600000
2774.146240 0.000000 1145.674194 0.000000 0.269866 0.000000 -0.962898 0.600000 0.600000 0.600000
2781.600586 0.000000 1149.806152 0.000000 0.708514 0.000000 -0.705697 0.600000 0.600000 0.600000
2751.579102 0.000000 1145.004883 0.000000 0.168998 0.000000 0.985616 0.600000 0.600000 0.600000
2780.477051 0.000000 1135.442871 0.000000 0.461034 0.000000 -0.887382 0.600000 0.600000 0.600000
2764.452881 0.000000 1142.639771 0.000000 0.555806 0.000000 0.831312 0.600000 0.600000 0.600000
2780.917480 0.000000 1147.226807 0.000000 0.853284 0.000000 0.521447 0.600000 0.600000 0.600000
2770.414307 0.000000 1120.708008 0.000000 0.149195 0.000000 -0.988808 0.600000 0.600000 0.600000
2767.095703 0.000000 1142.638184 0.000000 0.167351 0.000000 0.985897 0.600000 0.600000 0.600000
2791.854492 0.000000 1128.158569 0.000000 0.997777 0.000000 -0.066639 0.600000 0.600000 0.600000
2791.422363 0.000000 1132.742676 0.000000 0.263189 0.000000 -0.964744 0.600000 0.600000 0.600000
2790.120605 0.000000 1129.841187 0.000000 0.071472 0.000000 -0.997443 0.600000 0.600000 0.600000
2785.406982 0.000000 1120.078003 0.000000 0.753146 0.000000 0.657853 0.600000 0.600000 0.600000
2793.711182 0.000000 1128.371460 0.000000 0.343110 0.000000 0.939295 0.600000 0.600000 0.600000
2791.625732 0.000000 1130.959351 0.000000 0.718368 0.000000 0.695663 0.600000 0.600000 0.600000
2605.550781 0.000000 1219.236084 0.000000 0.282426 0.000000 -0.959289 0.600000 0.600000 0.600000
2620.569824 0.000000 1222.167847 0.000000 0.852022 0.000000 0.523506 0.600000 0.600000 0.600000
2611.287842 0.000000 1235.120361 0.000000 0.175215 0.000000 -0.984530 0.600000 0.600000 0.600000
2622.371338 0.000000 1220.539307 0.000000 0.050195 0.000000 0.998739 0.600000 0.600000 0.600000
2606.905518 0.000000 1221.109619 0.000000 0.413381 0.000000 0.910558 0.600000 0.600000 0.600000
2605.550781 0.000000 1251.220459 0.000000 0.496647 0.000000 -0.867953 0.600000 0.600000 0.600000
2611.330078 0.000000 1260.178345 0.000000 0.862928 0.000000 -0.505327 0.600000 0.600000 0.600000
2613.973389 0.000000 1265.580200 0.000000 0.986871 0.000000 -0.161512 0.600000 0.600000 0.600000
2622.519287 0.000000 1267.457764 0.000000 0.611886 0.000000 0.790946 0.600000 0.600000 0.600000
2622.957031 0.000000 1250.841553 0.000000 0.936141 0.000000 0.351626 0.600000 0.600000 0.600000
2629.045166 0.000000 1234.305054 0.000000 0.056389 0.000000 0.998409 0.600000 0.600000 0.600000
2643.280029 0.000000 1235.120361 0.000000 0.117526 0.000000 0.993070 0.600000 0.600000 0.600000
2636.209961 0.000000 1243.295288 0.000000 0.979530 0.000000 0.201296 0.600000 0.600000 0.600000
2624.347656 0.000000 1268.890625 0.000000 0.625629 0.000000 -0.780121 0.600000 0.600000 0.600000
2650.883545 0.000000 1247.766846 0.000000 0.012711 0.000000 0.999919 0.600000 0.600000 0.600000
2649.205566 0.000000 1265.802612 0.000000 0.626239 0.000000 -0.779632 0.600000 0.600000 0.600000
2630.350586 0.000000 1272.213989 0.000000 0.998352 0.000000 -0.057395 0.600000 0.600000 0.600000
2623.376953 0.000000 1266.785889 0.000000 0.916460 0.000000 -0.400126 0.600000 0.600000 0.600000
2637.691650 0.000000 1273.588867 0.000000 0.990975 0.000000 0.134046 0.600000 0.600000 0.600000
2649.815186 0.000000 1264.292236 0.000000 0.789861 0.000000 -0.613286 0.600000 0.600000 0.600000
2637.213135 0.000000 1258.133057 0.000000 0.801876 0.000000 0.597490 0.600000 0.600000 0.600000
2662.064697 0.000000 1275.607666 0.000000 0.965787 0.000000 0.259335 0.600000 0.600000 0.600000
2659.434814 0.000000 1264.477417 0.000000 0.071343 0.000000 -0.997452 0.600000 0.600000 0.600000
2715.594727 0.000000 1155.533569 0.000000 0.990091 0.000000 -0.140428 0.600000 0.600000 0.600000
2769.075439 0.000000 1151.716919 0.000000 0.984455 0.000000 0.175639 0.600000 0.600000 0.600000
2773.934326 0.000000 1169.627075 0.000000 0.903204 0.000000 -0.429211 0.600000 0.600000 0.600000
2767.868896 0.000000 1167.562378 0.000000 0.244710 0.000000 0.969596 0.600000 0.600000 0.600000
2756.530762 0.000000 1165.289551 0.000000 0.920006 0.000000 -0.391904 0.600000 0.600000 0.600000
2797.503906 0.000000 1155.267334 0.000000 0.624997 0.000000 -0.780627 0.600000 0.600000 0.600000
2785.946777 0.000000 1170.448242 0.000000 0.864058 0.000000 -0.503393 0.600000 0.600000 0.600000
2790.311523 0.000000 1176.260864 0.000000 0.674070 0.000000 0.738667 0.600000 0.600000 0.600000
2795.465332 0.000000 1156.396606 0.000000 0.135755 0.000000 0.990742 0.600000 0.600000 0.600000
2797.652588 0.000000 1177.635742 0.000000 0.968197 0.000000 0.250187 0.600000 0.600000 0.600000
2799.861084 0.000000 1167.562378 0.000000 0.986268 0.000000 0.165151 0.600000 0.600000 0.600000
2813.149658 0.000000 1186.610229 0.000000 0.527679 0.000000 0.849444 0.600000 0.600000 0.600000
2827.820312 0.000000 1034.662231 0.000000 0.999809 0.000000 0.019552 0.600000 0.600000 0.600000
2824.785889 0.000000 1038.416870 0.000000 0.723399 0.000000 0.690430 0.600000 0.600000 0.600000
2827.910889 0.000000 1181.470581 0.000000 0.932864 0.000000 -0.360228 0.600000 0.600000 0.600000
2819.103760 0.000000 1174.755615 0.000000 0.828024 0.000000 -0.560693 0.600000 0.600000 0.600000
2823.531982 0.000000 1206.094971 0.000000 0.824524 0.000000 0.565827 0.600000 0.600000 0.600000
2833.059814 0.000000 1183.701294 0.000000 0.665452 0.000000 0.746441 0.600000 0.600000 0.600000
2830.668213 0.000000 1201.321167 0.000000 0.998079 0.000000 0.061946 0.600000 0.600000 0.600000
2843.656982 0.000000 1203.214600 0.000000 0.433660 0.000000 -0.901076 0.600000 0.600000 0.600000
2857.786377 0.000000 1212.937744 0.000000 0.980063 0.000000 -0.198687 0.600000 0.600000 0.600000
2865.904297 0.000000 1206.374634 0.000000 0.729165 0.000000 -0.684338 0.600000 0.600000 0.600000
2867.464355 0.000000 1214.382812 0.000000 0.472988 0.000000 -0.881069 0.600000 0.600000 0.600000
2854.017822 0.000000 1211.638916 0.000000 0.170187 0.000000 -0.985412 0.600000 0.600000 0.600000
2848.465820 0.000000 1188.150146 0.000000 0.475120 0.000000 0.879921 0.600000 0.600000 0.600000
2850.300781 0.000000 1189.005127 0.000000 0.524148 0.000000 0.851627 0.600000 0.600000 0.600000
2839.449707 0.000000 1226.374146 0.000000 0.363023 0.000000 -0.931780 0.600000 0.600000 0.600000
2843.629883 0.000000 1241.576782 0.000000 0.189564 0.000000 -0.981868 0.600000 0.600000 0.600000
2828.795410 0.000000 1236.303345 0.000000 0.857107 0.000000 0.515138 0.600000 0.600000 0.600000
2830.064697 0.000000 1216.266113 0.000000 0.528550 0.000000 0.848902 0.600000 0.600000 0.600000
2824.785889 0.000000 1230.323120 0.000000 0.347888 0.000000 0.937536 0.600000 0.600000 0.600000
2858.056641 0.000000 1228.534058 0.000000 0.272879 0.000000 0.962048 0.600000 0.600000 0.600000
2852.890137 0.000000 1227.937744 0.000000 0.716859 0.000000 -0.697219 0.600000 0.600000 0.600000
2860.397705 0.000000 1229.321533 0.000000 0.521663 0.000000 0.853152 0.600000 0.600000 0.600000
2871.389893 0.000000 1235.125244 0.000000 0.836976 0.000000 -0.547240 0.600000 0.600000 0.600000
2851.305664 0.000000 1228.462891 0.000000 0.677100 0.000000 0.735891 0.600000 0.600000 0.600000
2850.004883 0.000000 1229.497070 0.000000 0.104754 0.000000 0.994498 0.600000 0.600000 0.600000
2815.501221 0.000000 1249.035034 0.000000 0.610137 0.000000 0.792296 0.600000 0.600000 0.600000
2830.779053 0.000000 1261.515869 0.000000 0.641681 0.000000 0.766971 0.600000 0.600000 0.600000
2818.308594 0.000000 1252.973877 0.000000 0.968560 0.000000 0.248780 0.600000 0.600000 0.600000
2847.420654 0.000000 1259.825806 0.000000 0.887863 0.000000 0.460109 0.600000 0.600000 0.600000
2859.812500 0.000000 1258.552856 0.000000 0.761022 0.000000 -0.648726 0.600000 0.600000 0.600000
2859.045898 0.000000 1250.039795 0.000000 0.980258 0.000000 -0.197724 0.600000 0.600000 0.600000
2858.056641 0.000000 1260.518433 0.000000 0.283711 0.000000 -0.958910 0.600000 0.600000 0.600000
2869.204102 0.000000 1267.424438 0.000000 0.388801 0.000000 0.921322 0.600000 0.600000 0.600000
2644.128906 0.000000 1287.577759 0.000000 0.211798 0.000000 -0.977313 0.600000 0.600000 0.600000
2639.706543 0.000000 1282.395264 0.000000 0.538658 0.000000 -0.842524 0.600000 0.600000 0.600000
2642.601562 0.000000 1289.708130 0.000000 0.722428 0.000000 -0.691446 0.600000 0.600000 0.600000
2650.704834 0.000000 1285.005981 0.000000 0.199926 0.000000 -0.979811 0.600000 0.600000 0.600000
2661.404541 0.000000 1282.175903 0.000000 0.304240 0.000000 0.952595 0.600000 0.600000 0.600000
"}
