object={
	name="shadowland_tree_high_generator_1_0"
	render_pass=Map
	clamp_to_water_level=no
	generated_content=yes
	layer="tree_high_layer"
	pdxmesh="shadowland_tree_a_mesh"
	count=44
	transform="2702.690918 0.000000 1175.764771 0.000000 0.863534 0.000000 0.504291 0.761996 0.761996 0.761996
2718.424316 0.000000 1176.974121 0.000000 0.966459 0.000000 -0.256820 0.822306 0.822306 0.822306
2700.194336 0.000000 1179.326538 0.000000 0.000027 0.000000 -1.000000 0.997644 0.997644 0.997644
2713.567383 0.000000 1163.984619 0.000000 0.556418 0.000000 -0.830903 0.911649 0.911649 0.911649
2704.557861 0.000000 1177.428345 0.000000 0.422931 0.000000 -0.906162 0.999329 0.999329 0.999329
2700.468506 0.000000 1174.624146 0.000000 0.796543 0.000000 0.604582 0.680705 0.680705 0.680705
2701.676025 0.000000 1177.635742 0.000000 0.625789 0.000000 -0.779992 1.212759 1.212759 1.212759
2704.213867 0.000000 1174.907959 0.000000 0.958736 0.000000 -0.284298 0.946817 0.946817 0.946817
2700.814941 0.000000 1176.181763 0.000000 0.144039 0.000000 0.989572 0.141980 0.141980 0.141980
2721.791748 0.000000 1178.141235 0.000000 0.627929 0.000000 0.778270 0.345756 0.345756 0.345756
2723.966064 0.000000 1178.843994 0.000000 0.241101 0.000000 -0.970500 1.324883 1.324883 1.324883
2717.975586 0.000000 1201.492676 0.000000 0.061325 0.000000 -0.998118 1.487351 1.487351 1.487351
2691.472168 0.000000 1205.162354 0.000000 0.005926 0.000000 0.999982 0.649980 0.649980 0.649980
2715.688232 0.000000 1203.214600 0.000000 0.192677 0.000000 -0.981262 0.951251 0.951251 0.951251
2690.758057 0.000000 1190.870483 0.000000 0.709304 0.000000 0.704903 0.401585 0.401585 0.401585
2706.334717 0.000000 1212.125244 0.000000 0.067266 0.000000 -0.997735 1.406567 1.406567 1.406567
2694.334961 0.000000 1208.245239 0.000000 0.380801 0.000000 -0.924657 0.936707 0.936707 0.936707
2691.427002 0.000000 1200.508667 0.000000 0.828029 0.000000 -0.560685 1.005659 1.005659 1.005659
2695.027100 0.000000 1203.746338 0.000000 0.699764 0.000000 0.714374 0.672859 0.672859 0.672859
2700.436768 0.000000 1197.337158 0.000000 0.287677 0.000000 -0.957727 1.270020 1.270020 1.270020
2693.646240 0.000000 1198.234253 0.000000 0.128471 0.000000 -0.991713 1.090876 1.090876 1.090876
2708.021973 0.000000 1205.177979 0.000000 0.988225 0.000000 0.153007 0.724221 0.724221 0.724221
2693.372559 0.000000 1206.242920 0.000000 0.534837 0.000000 0.844956 0.355749 0.355749 0.355749
2711.428955 0.000000 1203.140869 0.000000 0.129063 0.000000 -0.991636 1.093634 1.093634 1.093634
2690.339844 0.000000 1189.005127 0.000000 0.665607 0.000000 0.746302 0.628369 0.628369 0.628369
2696.718750 0.000000 1204.595459 0.000000 0.892331 0.000000 0.451383 0.681212 0.681212 0.681212
2693.597412 0.000000 1209.859985 0.000000 0.778580 0.000000 0.627546 0.600827 0.600827 0.600827
2706.957764 0.000000 1207.764526 0.000000 0.399990 0.000000 -0.916520 1.080161 1.080161 1.080161
2690.289551 0.000000 1187.367065 0.000000 0.927953 0.000000 -0.372697 0.912890 0.912890 0.912890
2707.963623 0.000000 1212.878906 0.000000 0.408917 0.000000 -0.912572 1.263769 1.263769 1.263769
2691.955811 0.000000 1186.869385 0.000000 0.807325 0.000000 -0.590107 0.986575 0.986575 0.986575
2723.379639 0.000000 1184.088867 0.000000 0.962503 0.000000 0.271271 0.725930 0.725930 0.725930
2722.281738 0.000000 1187.367065 0.000000 0.835445 0.000000 0.549574 0.657061 0.657061 0.657061
2723.947998 0.000000 1186.869385 0.000000 0.975618 0.000000 0.219474 0.745641 0.745641 0.745641
2723.336914 0.000000 1196.478516 0.000000 0.869024 0.000000 -0.494770 1.000540 1.000540 1.000540
2701.527344 0.000000 1219.236084 0.000000 0.867678 0.000000 0.497128 0.795843 0.795843 0.795843
2705.091064 0.000000 1215.685669 0.000000 0.378142 0.000000 0.925748 0.197499 0.197499 0.197499
2702.095947 0.000000 1216.266113 0.000000 0.719133 0.000000 0.694873 0.740160 0.740160 0.740160
2694.144043 0.000000 1225.794312 0.000000 0.997517 0.000000 -0.070422 0.811543 0.811543 0.811543
2699.488770 0.000000 1220.365356 0.000000 0.161599 0.000000 -0.986856 1.410439 1.410439 1.410439
2696.531982 0.000000 1222.057251 0.000000 0.688017 0.000000 0.725694 0.470766 0.470766 0.470766
2701.008057 0.000000 1221.349731 0.000000 0.941726 0.000000 -0.336381 0.902094 0.902094 0.902094
2694.922852 0.000000 1222.717773 0.000000 0.021652 0.000000 0.999766 0.286395 0.286395 0.286395
2704.833496 0.000000 1217.256958 0.000000 0.649506 0.000000 -0.760356 1.070878 1.070878 1.070878
"}
