object={
	name="shadowland_pine_generator_2_0"
	render_pass=Map
	clamp_to_water_level=no
	generated_content=yes
	layer="tree_high_layer"
	pdxmesh="shadowland_pine_b_mesh"
	count=55
	transform="2677.250977 0.000000 883.611938 0.000000 0.030836 0.000000 0.999524 0.600000 0.600000 0.600000
2676.447998 0.000000 882.293823 0.000000 0.998641 0.000000 -0.052119 0.600000 0.600000 0.600000
2749.967773 0.000000 817.680176 0.000000 0.554263 0.000000 0.832342 0.600000 0.600000 0.600000
2798.975342 0.000000 827.569336 0.000000 0.520124 0.000000 -0.854091 0.600000 0.600000 0.600000
2797.706543 0.000000 807.261597 0.000000 0.802539 0.000000 0.596600 0.600000 0.600000 0.600000
2798.676025 0.000000 817.508667 0.000000 0.660558 0.000000 0.750775 0.600000 0.600000 0.600000
2794.684570 0.000000 806.766113 0.000000 0.985855 0.000000 0.167598 0.600000 0.600000 0.600000
2814.032227 0.000000 810.017456 0.000000 0.525123 0.000000 -0.851026 0.600000 0.600000 0.600000
2807.245117 0.000000 804.043884 0.000000 0.987708 0.000000 -0.156311 0.600000 0.600000 0.600000
2787.403564 0.000000 816.696106 0.000000 0.174901 0.000000 0.984586 0.600000 0.600000 0.600000
2797.104736 0.000000 815.729736 0.000000 0.559259 0.000000 -0.828993 0.600000 0.600000 0.600000
2814.324463 0.000000 804.742493 0.000000 0.224948 0.000000 -0.974371 0.600000 0.600000 0.600000
2799.861084 0.000000 815.734314 0.000000 0.966285 0.000000 -0.257477 0.600000 0.600000 0.600000
2798.365967 0.000000 819.390198 0.000000 0.222357 0.000000 0.974965 0.600000 0.600000 0.600000
2798.502930 0.000000 815.196411 0.000000 0.813280 0.000000 0.581873 0.600000 0.600000 0.600000
2737.083252 0.000000 831.873169 0.000000 0.719977 0.000000 -0.693998 0.600000 0.600000 0.600000
2733.722168 0.000000 839.245972 0.000000 0.455993 0.000000 -0.889984 0.600000 0.600000 0.600000
2678.294434 0.000000 949.191406 0.000000 0.755376 0.000000 0.655292 0.600000 0.600000 0.600000
2695.266113 0.000000 942.285461 0.000000 0.945200 0.000000 0.326492 0.600000 0.600000 0.600000
2867.225342 0.000000 787.339172 0.000000 0.777081 0.000000 -0.629400 0.600000 0.600000 0.600000
2860.155273 0.000000 795.514038 0.000000 0.864499 0.000000 0.502634 0.600000 0.600000 0.600000
2816.063965 0.000000 807.534363 0.000000 0.964771 0.000000 -0.263092 0.600000 0.600000 0.600000
2843.629883 0.000000 825.779846 0.000000 0.207222 0.000000 0.978294 0.600000 0.600000 0.600000
2821.004883 0.000000 800.000916 0.000000 0.603736 0.000000 0.797184 0.600000 0.600000 0.600000
2819.715088 0.000000 809.769775 0.000000 0.270113 0.000000 -0.962829 0.600000 0.600000 0.600000
2825.124023 0.000000 818.713745 0.000000 0.493884 0.000000 -0.869528 0.600000 0.600000 0.600000
2821.365479 0.000000 802.410217 0.000000 0.721772 0.000000 0.692131 0.600000 0.600000 0.600000
2829.166260 0.000000 810.351807 0.000000 0.924999 0.000000 0.379969 0.600000 0.600000 0.600000
2828.765625 0.000000 811.778259 0.000000 0.550031 0.000000 0.835144 0.600000 0.600000 0.600000
2872.483643 0.000000 829.798279 0.000000 0.679837 0.000000 -0.733363 0.600000 0.600000 0.600000
2882.077881 0.000000 828.880188 0.000000 0.498085 0.000000 -0.867128 0.600000 0.600000 0.600000
2886.348389 0.000000 821.264526 0.000000 0.879031 0.000000 -0.476764 0.600000 0.600000 0.600000
2834.025146 0.000000 834.463501 0.000000 0.384115 0.000000 -0.923285 0.600000 0.600000 0.600000
2861.636963 0.000000 857.791992 0.000000 0.393346 0.000000 0.919390 0.600000 0.600000 0.600000
2821.614990 0.000000 878.390503 0.000000 0.580457 0.000000 -0.814291 0.600000 0.600000 0.600000
2823.617920 0.000000 875.084290 0.000000 0.997873 0.000000 -0.065180 0.600000 0.600000 0.600000
2850.095703 0.000000 895.537354 0.000000 0.999396 0.000000 0.034757 0.600000 0.600000 0.600000
2889.116943 0.000000 836.102905 0.000000 0.873294 0.000000 -0.487193 0.600000 0.600000 0.600000
2887.398926 0.000000 844.883301 0.000000 0.594325 0.000000 0.804225 0.600000 0.600000 0.600000
2836.914795 0.000000 906.448547 0.000000 0.151301 0.000000 0.988488 0.600000 0.600000 0.600000
2832.765625 0.000000 923.402100 0.000000 0.273172 0.000000 0.961965 0.600000 0.600000 0.600000
2852.997070 0.000000 895.954041 0.000000 0.244294 0.000000 -0.969701 0.600000 0.600000 0.600000
2859.812500 0.000000 906.724731 0.000000 0.256931 0.000000 0.966430 0.600000 0.600000 0.600000
2870.247559 0.000000 917.207031 0.000000 0.093314 0.000000 0.995637 0.600000 0.600000 0.600000
2896.190918 0.000000 906.014771 0.000000 0.000233 0.000000 1.000000 0.600000 0.600000 0.600000
2861.089111 0.000000 975.651611 0.000000 0.293833 0.000000 -0.955857 0.600000 0.600000 0.600000
2842.836670 0.000000 991.891846 0.000000 0.842167 0.000000 0.539217 0.600000 0.600000 0.600000
2842.995850 0.000000 1001.777039 0.000000 0.832671 0.000000 0.553768 0.600000 0.600000 0.600000
2826.343506 0.000000 1013.821106 0.000000 0.787935 0.000000 0.615759 0.600000 0.600000 0.600000
2846.988770 0.000000 1019.543579 0.000000 0.204866 0.000000 0.978790 0.600000 0.600000 0.600000
2852.990479 0.000000 1010.414368 0.000000 0.883667 0.000000 0.468117 0.600000 0.600000 0.600000
2855.610107 0.000000 1003.021790 0.000000 0.225752 0.000000 -0.974185 0.600000 0.600000 0.600000
2684.183594 0.000000 1047.341309 0.000000 0.882277 0.000000 0.470730 0.600000 0.600000 0.600000
2725.021729 0.000000 1042.398804 0.000000 0.999993 0.000000 -0.003820 0.600000 0.600000 0.600000
2716.529785 0.000000 1056.468506 0.000000 0.932443 0.000000 0.361318 0.600000 0.600000 0.600000
"}
