object={
	name="tree_dragonbarrow_high_generator_2_0"
	render_pass=Map
	clamp_to_water_level=no
	generated_content=yes
	layer="tree_high_layer"
	pdxmesh="tree_dragonbarrow_b_mesh"
	count=101
	transform="1255.066284 0.000000 389.392212 0.000000 0.322844 0.000000 0.946452 0.336742 0.336742 0.336742
1226.454956 0.000000 556.862244 0.000000 0.422350 0.000000 -0.906433 0.452127 0.452127 0.452127
1228.796021 0.000000 557.649719 0.000000 0.661083 0.000000 0.750313 0.356784 0.356784 0.356784
1179.402100 0.000000 617.964539 0.000000 0.126080 0.000000 -0.992020 0.443272 0.443272 0.443272
1214.422729 0.000000 618.111206 0.000000 0.074258 0.000000 0.997239 0.349190 0.349190 0.349190
1214.791382 0.000000 633.239746 0.000000 0.932099 0.000000 0.362204 0.386306 0.386306 0.386306
1206.026245 0.000000 614.029419 0.000000 0.993027 0.000000 0.117890 0.393982 0.393982 0.393982
1201.257690 0.000000 620.503601 0.000000 0.748611 0.000000 -0.663009 0.436915 0.436915 0.436915
1212.542969 0.000000 631.544434 0.000000 0.024470 0.000000 0.999701 0.321246 0.321246 0.321246
1246.783569 0.000000 601.255371 0.000000 0.915334 0.000000 0.402695 0.387583 0.387583 0.387583
1243.527710 0.000000 604.586914 0.000000 0.925070 0.000000 -0.379797 0.418674 0.418674 0.418674
1270.638306 0.000000 597.363281 0.000000 0.067558 0.000000 0.997715 0.371479 0.371479 0.371479
1254.408569 0.000000 603.935791 0.000000 0.479256 0.000000 0.877675 0.379679 0.379679 0.379679
1267.658081 0.000000 588.506470 0.000000 0.545816 0.000000 0.837905 0.376191 0.376191 0.376191
1258.726318 0.000000 598.024231 0.000000 0.179095 0.000000 0.983832 0.337504 0.337504 0.337504
1254.686523 0.000000 600.542175 0.000000 0.280197 0.000000 0.959943 0.339604 0.339604 0.339604
1268.273438 0.000000 590.791504 0.000000 0.005382 0.000000 0.999986 0.320274 0.320274 0.320274
1215.818970 0.000000 620.138306 0.000000 0.381593 0.000000 0.924330 0.384102 0.384102 0.384102
1224.000610 0.000000 609.578369 0.000000 0.710666 0.000000 0.703529 0.375453 0.375453 0.375453
1218.329590 0.000000 626.713928 0.000000 0.943357 0.000000 -0.331781 0.411314 0.411314 0.411314
1232.828003 0.000000 638.270264 0.000000 0.726311 0.000000 0.687366 0.375025 0.375025 0.375025
1237.006104 0.000000 631.614319 0.000000 0.969779 0.000000 0.243984 0.389539 0.389539 0.389539
1217.832031 0.000000 631.377502 0.000000 0.793400 0.000000 -0.608701 0.433329 0.433329 0.433329
1219.786255 0.000000 624.789856 0.000000 0.997713 0.000000 0.067594 0.396555 0.396555 0.396555
1250.476196 0.000000 636.973938 0.000000 0.840181 0.000000 0.542306 0.397138 0.397138 0.397138
1277.327148 0.000000 620.995422 0.000000 0.117666 0.000000 0.993053 0.387668 0.387668 0.387668
1259.529175 0.000000 632.904480 0.000000 0.915595 0.000000 0.402102 0.393801 0.393801 0.393801
1275.378662 0.000000 617.964539 0.000000 0.018067 0.000000 0.999837 0.358909 0.358909 0.358909
1257.633911 0.000000 618.438782 0.000000 0.963838 0.000000 0.266491 0.386262 0.386262 0.386262
1279.371460 0.000000 635.731079 0.000000 0.139106 0.000000 -0.990277 0.474322 0.474322 0.474322
1264.909424 0.000000 633.693970 0.000000 0.480383 0.000000 -0.877059 0.454480 0.454480 0.454480
1279.486572 0.000000 631.122253 0.000000 0.732303 0.000000 0.680979 0.351376 0.351376 0.351376
1179.242920 0.000000 640.063721 0.000000 0.398908 0.000000 0.916991 0.396523 0.396523 0.396523
1187.107056 0.000000 642.028992 0.000000 0.362133 0.000000 0.932126 0.367638 0.367638 0.367638
1216.864258 0.000000 644.415771 0.000000 0.834107 0.000000 -0.551603 0.419255 0.419255 0.419255
1227.067383 0.000000 646.844238 0.000000 0.994372 0.000000 -0.105942 0.402703 0.402703 0.402703
1221.756226 0.000000 642.488342 0.000000 0.903069 0.000000 -0.429496 0.422609 0.422609 0.422609
1262.081543 0.000000 647.339722 0.000000 0.664972 0.000000 0.746869 0.380630 0.380630 0.380630
1255.992798 0.000000 641.562744 0.000000 0.968208 0.000000 -0.250147 0.409594 0.409594 0.409594
1271.619995 0.000000 644.122009 0.000000 0.996427 0.000000 -0.084462 0.406038 0.406038 0.406038
1270.010620 0.000000 646.013794 0.000000 0.201429 0.000000 0.979503 0.330329 0.330329 0.330329
1280.044922 0.000000 624.781006 0.000000 0.427649 0.000000 0.903945 0.379708 0.379708 0.379708
1279.938477 0.000000 633.254944 0.000000 0.927264 0.000000 -0.374408 0.407665 0.407665 0.407665
1286.400757 0.000000 635.920166 0.000000 0.159116 0.000000 0.987260 0.364774 0.364774 0.364774
1279.739136 0.000000 638.231506 0.000000 0.500039 0.000000 0.866003 0.371766 0.371766 0.371766
1281.816406 0.000000 631.377502 0.000000 0.272997 0.000000 -0.962015 0.458809 0.458809 0.458809
1280.338013 0.000000 635.969116 0.000000 0.962728 0.000000 0.270473 0.382632 0.382632 0.382632
1306.021973 0.000000 662.841125 0.000000 0.990806 0.000000 -0.135288 0.403862 0.403862 0.403862
1292.537964 0.000000 667.576538 0.000000 0.689863 0.000000 -0.723940 0.430314 0.430314 0.430314
1315.960083 0.000000 664.615234 0.000000 0.488392 0.000000 0.872624 0.385173 0.385173 0.385173
1316.519043 0.000000 676.791870 0.000000 0.523128 0.000000 -0.852254 0.411717 0.411717 0.411717
1319.050659 0.000000 677.251587 0.000000 0.878236 0.000000 -0.478227 0.425395 0.425395 0.425395
1317.265137 0.000000 684.203369 0.000000 0.327041 0.000000 0.945010 0.336968 0.336968 0.336968
1340.511719 0.000000 695.513184 0.000000 0.384743 0.000000 -0.923024 0.464583 0.464583 0.464583
1328.893799 0.000000 697.662720 0.000000 0.135528 0.000000 -0.990773 0.473076 0.473076 0.473076
1353.483276 0.000000 690.776245 0.000000 0.319812 0.000000 -0.947481 0.432332 0.432332 0.432332
1370.429199 0.000000 686.778748 0.000000 0.061229 0.000000 0.998124 0.360053 0.360053 0.360053
1366.278198 0.000000 689.861511 0.000000 0.867420 0.000000 -0.497576 0.417163 0.417163 0.417163
1372.820801 0.000000 687.661682 0.000000 0.996599 0.000000 0.082410 0.395798 0.395798 0.395798
1369.604980 0.000000 692.519470 0.000000 0.777709 0.000000 0.628625 0.365379 0.365379 0.365379
1376.021484 0.000000 688.749756 0.000000 0.662516 0.000000 -0.749047 0.415641 0.415641 0.415641
1378.290527 0.000000 690.682678 0.000000 0.084956 0.000000 -0.996385 0.450445 0.450445 0.450445
1378.454956 0.000000 703.631104 0.000000 0.692947 0.000000 0.720989 0.358990 0.358990 0.358990
1379.747192 0.000000 688.758606 0.000000 0.877459 0.000000 -0.479652 0.425478 0.425478 0.425478
1376.314575 0.000000 699.937866 0.000000 0.649507 0.000000 -0.760356 0.443996 0.443996 0.443996
1310.767944 0.000000 761.177246 0.000000 0.944852 0.000000 0.327498 0.390337 0.390337 0.390337
1305.620605 0.000000 756.488220 0.000000 0.347439 0.000000 -0.937703 0.461928 0.461928 0.461928
1337.526001 0.000000 754.052612 0.000000 0.054433 0.000000 0.998517 0.392429 0.392429 0.392429
1334.746826 0.000000 750.779236 0.000000 0.975262 0.000000 -0.221054 0.404452 0.404452 0.404452
1342.311646 0.000000 753.711426 0.000000 0.497645 0.000000 -0.867381 0.424115 0.424115 0.424115
1334.286011 0.000000 753.830261 0.000000 0.566922 0.000000 0.823771 0.375349 0.375349 0.375349
1335.799194 0.000000 759.733948 0.000000 0.974048 0.000000 -0.226340 0.409918 0.409918 0.409918
1337.612793 0.000000 756.488220 0.000000 0.171485 0.000000 -0.985187 0.471223 0.471223 0.471223
1351.773926 0.000000 716.945801 0.000000 0.998379 0.000000 0.056915 0.399062 0.399062 0.399062
1350.472290 0.000000 714.044312 0.000000 0.649364 0.000000 0.760478 0.356426 0.356426 0.356426
1370.725830 0.000000 711.545471 0.000000 0.696585 0.000000 0.717474 0.349659 0.349659 0.349659
1363.634644 0.000000 748.428345 0.000000 0.519240 0.000000 -0.854629 0.427121 0.427121 0.427121
1345.053467 0.000000 750.407227 0.000000 0.336990 0.000000 -0.941508 0.462495 0.462495 0.462495
1367.791382 0.000000 759.733948 0.000000 0.867178 0.000000 0.497999 0.376574 0.376574 0.376574
1298.360596 0.000000 784.185364 0.000000 0.748986 0.000000 -0.662586 0.405425 0.405425 0.405425
1302.630493 0.000000 789.269531 0.000000 0.735870 0.000000 -0.677123 0.411514 0.411514 0.411514
1286.400757 0.000000 795.842041 0.000000 0.841934 0.000000 -0.539580 0.412806 0.412806 0.412806
1293.939575 0.000000 799.102112 0.000000 0.212303 0.000000 -0.977204 0.435907 0.435907 0.435907
1292.389282 0.000000 785.985168 0.000000 0.779133 0.000000 -0.626859 0.429093 0.429093 0.429093
1297.831177 0.000000 775.896729 0.000000 0.947598 0.000000 0.319464 0.383602 0.383602 0.383602
1298.929810 0.000000 777.958069 0.000000 0.991895 0.000000 -0.127058 0.406489 0.406489 0.406489
1331.152710 0.000000 793.812622 0.000000 0.825933 0.000000 0.563768 0.379963 0.379963 0.379963
1328.804565 0.000000 798.192139 0.000000 0.982200 0.000000 0.187840 0.394245 0.394245 0.394245
1321.618286 0.000000 778.360657 0.000000 0.473626 0.000000 0.880726 0.355350 0.355350 0.355350
1318.480103 0.000000 778.013062 0.000000 0.532764 0.000000 -0.846264 0.442820 0.442820 0.442820
1339.203857 0.000000 799.985596 0.000000 0.215430 0.000000 -0.976519 0.405407 0.405407 0.405407
1328.573730 0.000000 810.061646 0.000000 0.998882 0.000000 0.047275 0.399575 0.399575 0.399575
1332.449219 0.000000 807.812134 0.000000 0.998172 0.000000 0.060435 0.398913 0.398913 0.398913
1322.431519 0.000000 812.737244 0.000000 0.996181 0.000000 0.087311 0.396290 0.396290 0.396290
1329.823364 0.000000 807.881104 0.000000 0.974479 0.000000 -0.224479 0.413340 0.413340 0.413340
1330.921997 0.000000 809.942444 0.000000 0.984367 0.000000 -0.176130 0.409017 0.409017 0.409017
1357.154785 0.000000 788.522095 0.000000 0.896712 0.000000 0.442614 0.394963 0.394963 0.394963
1344.833008 0.000000 772.353271 0.000000 0.449745 0.000000 0.893157 0.372430 0.372430 0.372430
1346.127808 0.000000 794.328735 0.000000 0.981503 0.000000 -0.191446 0.409811 0.409811 0.409811
1345.800781 0.000000 791.299377 0.000000 0.995523 0.000000 -0.094520 0.404018 0.404018 0.404018
1311.868530 0.000000 833.238220 0.000000 0.282825 0.000000 0.959171 0.387818 0.387818 0.387818
"}
