object={
	name="tree_caelid_high_generator_1_0"
	render_pass=Map
	clamp_to_water_level=no
	generated_content=yes
	layer="tree_high_layer"
	pdxmesh="tree_caelid_a_mesh"
	count=255
	transform="1019.441162 0.000000 522.011414 0.000000 0.468682 0.000000 -0.883367 0.862727 0.862727 0.862727
1020.906799 0.000000 527.739807 0.000000 0.687230 0.000000 0.726440 0.687943 0.687943 0.687943
997.557556 0.000000 532.534790 0.000000 0.061494 0.000000 0.998107 0.492535 0.492535 0.492535
997.648987 0.000000 528.328857 0.000000 0.114848 0.000000 -0.993383 1.096552 1.096552 1.096552
1012.603149 0.000000 571.507568 0.000000 0.977696 0.000000 -0.210026 0.843107 0.843107 0.843107
1012.377625 0.000000 573.191406 0.000000 0.038241 0.000000 -0.999269 1.301981 1.301981 1.301981
940.475281 0.000000 626.063293 0.000000 0.339219 0.000000 0.940708 0.655684 0.655684 0.655684
1014.825012 0.000000 590.857361 0.000000 0.123563 0.000000 -0.992337 0.886695 0.886695 0.886695
1018.515198 0.000000 590.825623 0.000000 0.872015 0.000000 -0.489479 0.834733 0.834733 0.834733
1010.400391 0.000000 590.234253 0.000000 0.990358 0.000000 0.138531 0.775574 0.775574 0.775574
1016.605530 0.000000 589.906189 0.000000 0.811826 0.000000 0.583900 0.672977 0.672977 0.672977
974.097778 0.000000 633.901367 0.000000 0.832015 0.000000 0.554754 0.698992 0.698992 0.698992
1016.706421 0.000000 624.041260 0.000000 0.374376 0.000000 -0.927277 0.999153 0.999153 0.999153
1022.762512 0.000000 622.649292 0.000000 0.851715 0.000000 0.524005 0.687640 0.687640 0.687640
1019.644043 0.000000 625.343750 0.000000 0.978297 0.000000 -0.207208 0.846689 0.846689 0.846689
1001.132874 0.000000 628.876770 0.000000 0.986139 0.000000 -0.165922 0.833958 0.833958 0.833958
951.058228 0.000000 648.349487 0.000000 0.743043 0.000000 -0.669244 0.880540 0.880540 0.880540
988.597656 0.000000 663.528809 0.000000 0.101903 0.000000 -0.994794 1.037603 1.037603 1.037603
990.653137 0.000000 647.919128 0.000000 0.594666 0.000000 0.803973 0.609738 0.609738 0.609738
968.953857 0.000000 646.338562 0.000000 0.996888 0.000000 0.078830 0.783924 0.783924 0.783924
985.373230 0.000000 641.411926 0.000000 0.747670 0.000000 0.664070 0.665104 0.665104 0.665104
982.525879 0.000000 642.148254 0.000000 0.757500 0.000000 -0.652835 0.933544 0.933544 0.933544
962.761597 0.000000 645.270813 0.000000 0.995459 0.000000 -0.095192 0.817327 0.817327 0.817327
1022.838318 0.000000 665.224121 0.000000 0.968526 0.000000 -0.248911 0.828135 0.828135 0.828135
1004.608337 0.000000 667.576538 0.000000 0.732167 0.000000 0.681126 0.705719 0.705719 0.705719
1006.112915 0.000000 669.026794 0.000000 0.035464 0.000000 -0.999371 1.112774 1.112774 1.112774
1181.991333 0.000000 382.181122 0.000000 0.400665 0.000000 -0.916225 0.839337 0.839337 0.839337
1183.394897 0.000000 379.856079 0.000000 0.943712 0.000000 0.330768 0.751522 0.751522 0.751522
1206.317261 0.000000 370.017761 0.000000 0.843240 0.000000 0.537537 0.759195 0.759195 0.759195
1209.644043 0.000000 372.675720 0.000000 0.364126 0.000000 0.931350 0.587032 0.587032 0.587032
1199.071899 0.000000 373.919312 0.000000 0.843541 0.000000 -0.537064 0.889455 0.889455 0.889455
1201.715088 0.000000 370.393311 0.000000 0.118329 0.000000 -0.992974 1.095838 1.095838 1.095838
1198.756592 0.000000 371.608978 0.000000 0.969478 0.000000 0.245178 0.749538 0.749538 0.749538
1086.014771 0.000000 446.149872 0.000000 0.579052 0.000000 0.815291 0.767635 0.767635 0.767635
1072.867065 0.000000 446.364044 0.000000 0.761214 0.000000 0.648501 0.721080 0.721080 0.721080
1097.545776 0.000000 402.916840 0.000000 0.255231 0.000000 -0.966880 0.878654 0.878654 0.878654
1109.336670 0.000000 394.698547 0.000000 0.178991 0.000000 0.983851 0.627775 0.627775 0.627775
1099.237427 0.000000 404.076599 0.000000 0.655737 0.000000 0.754990 0.625691 0.625691 0.625691
1148.929199 0.000000 390.574158 0.000000 0.509554 0.000000 -0.860439 0.820694 0.820694 0.820694
1127.517334 0.000000 400.282135 0.000000 0.165052 0.000000 0.986285 0.684950 0.684950 0.684950
1132.577026 0.000000 411.701508 0.000000 0.663501 0.000000 -0.748176 0.881038 0.881038 0.881038
1136.940674 0.000000 409.803345 0.000000 0.327437 0.000000 -0.944873 0.972970 0.972970 0.972970
1126.029053 0.000000 398.624878 0.000000 0.970021 0.000000 0.243023 0.752442 0.752442 0.752442
1150.614136 0.000000 392.044159 0.000000 0.978944 0.000000 -0.204131 0.841880 0.841880 0.841880
1129.199951 0.000000 398.729309 0.000000 0.182625 0.000000 0.983183 0.517414 0.517414 0.517414
1110.206177 0.000000 444.900604 0.000000 0.969298 0.000000 0.245890 0.778168 0.778168 0.778168
1100.584839 0.000000 443.685883 0.000000 0.996324 0.000000 0.085664 0.792634 0.792634 0.792634
1110.003296 0.000000 447.170044 0.000000 0.611880 0.000000 -0.790951 0.985865 0.985865 0.985865
1102.089478 0.000000 445.136169 0.000000 0.999907 0.000000 0.013622 0.797443 0.797443 0.797443
1132.428345 0.000000 434.157043 0.000000 0.947416 0.000000 0.320003 0.761617 0.761617 0.761617
1129.665161 0.000000 426.532532 0.000000 0.704919 0.000000 -0.709288 0.913385 0.913385 0.913385
1125.755249 0.000000 438.617889 0.000000 0.252545 0.000000 -0.967585 1.065361 1.065361 1.065361
1130.117310 0.000000 424.715179 0.000000 0.997981 0.000000 0.063518 0.782735 0.782735 0.782735
1050.084473 0.000000 470.934845 0.000000 0.985726 0.000000 -0.168358 0.810812 0.810812 0.810812
1052.094360 0.000000 467.573944 0.000000 0.996987 0.000000 0.077564 0.793487 0.793487 0.793487
1051.891479 0.000000 469.654480 0.000000 0.852720 0.000000 0.522369 0.688031 0.688031 0.688031
1082.182007 0.000000 451.430389 0.000000 0.711665 0.000000 0.702519 0.745550 0.745550 0.745550
1056.915039 0.000000 458.066772 0.000000 0.862370 0.000000 0.506278 0.715179 0.715179 0.715179
1064.930420 0.000000 454.432312 0.000000 0.018737 0.000000 0.999824 0.483817 0.483817 0.483817
1037.534302 0.000000 495.886017 0.000000 0.999720 0.000000 -0.023673 0.804350 0.804350 0.804350
1048.698608 0.000000 496.103790 0.000000 0.658609 0.000000 -0.752485 0.968429 0.968429 0.968429
1047.835205 0.000000 499.484589 0.000000 0.992294 0.000000 0.123907 0.774693 0.774693 0.774693
1058.198120 0.000000 506.469330 0.000000 0.989614 0.000000 0.143749 0.783002 0.783002 0.783002
1078.057495 0.000000 486.091919 0.000000 0.303174 0.000000 0.952935 0.648676 0.648676 0.648676
1074.984497 0.000000 490.098694 0.000000 0.420904 0.000000 0.907105 0.595739 0.595739 0.595739
1083.087769 0.000000 485.396667 0.000000 0.831374 0.000000 0.555713 0.688203 0.688203 0.688203
1085.331421 0.000000 507.539337 0.000000 0.219949 0.000000 0.975511 0.533260 0.533260 0.533260
1079.827393 0.000000 499.484589 0.000000 0.637031 0.000000 0.770838 0.620696 0.620696 0.620696
1083.692139 0.000000 482.042511 0.000000 0.843996 0.000000 0.536349 0.691458 0.691458 0.691458
1061.995728 0.000000 506.203735 0.000000 0.993747 0.000000 0.111657 0.777206 0.777206 0.777206
1095.836426 0.000000 461.070801 0.000000 0.675321 0.000000 -0.737524 0.848039 0.848039 0.848039
1090.360840 0.000000 466.792053 0.000000 0.485642 0.000000 -0.874158 0.921094 0.921094 0.921094
1097.672974 0.000000 458.516907 0.000000 0.996554 0.000000 0.082947 0.789385 0.789385 0.789385
1106.376953 0.000000 462.296753 0.000000 0.999798 0.000000 0.020110 0.795903 0.795903 0.795903
1112.582153 0.000000 461.968658 0.000000 0.873374 0.000000 -0.487050 0.903633 0.903633 0.903633
1104.738037 0.000000 462.360321 0.000000 0.055530 0.000000 -0.998457 1.320522 1.320522 1.320522
1142.793701 0.000000 462.919861 0.000000 0.182152 0.000000 -0.983270 0.869285 0.869285 0.869285
1147.409912 0.000000 458.042664 0.000000 0.999967 0.000000 -0.008103 0.800550 0.800550 0.800550
1130.478394 0.000000 460.909119 0.000000 0.163071 0.000000 -0.986614 0.948936 0.948936 0.948936
1148.875488 0.000000 463.771057 0.000000 0.999966 0.000000 0.008211 0.798836 0.798836 0.798836
1132.819458 0.000000 461.696594 0.000000 0.916773 0.000000 0.399409 0.749122 0.749122 0.749122
1140.304688 0.000000 462.854034 0.000000 0.598610 0.000000 0.801041 0.657127 0.657127 0.657127
1133.510864 0.000000 463.901642 0.000000 0.608783 0.000000 -0.793337 0.935421 0.935421 0.935421
1136.267334 0.000000 463.906189 0.000000 0.763264 0.000000 0.646086 0.689167 0.689167 0.689167
1129.199951 0.000000 462.698059 0.000000 0.673755 0.000000 -0.738955 0.969395 0.969395 0.969395
1138.369141 0.000000 462.296753 0.000000 0.411844 0.000000 0.911254 0.566474 0.566474 0.566474
1144.574341 0.000000 461.968658 0.000000 0.023624 0.000000 0.999721 0.453912 0.453912 0.453912
1091.148560 0.000000 487.214233 0.000000 0.386193 0.000000 0.922418 0.645207 0.645207 0.645207
1174.190552 0.000000 412.916229 0.000000 0.955784 0.000000 0.294071 0.766616 0.766616 0.766616
1152.891602 0.000000 394.098022 0.000000 0.802040 0.000000 0.597270 0.706675 0.706675 0.706675
1177.651855 0.000000 404.660095 0.000000 0.401821 0.000000 -0.915718 0.994157 0.994157 0.994157
1177.326294 0.000000 385.536957 0.000000 0.995330 0.000000 -0.096531 0.819696 0.819696 0.819696
1172.564087 0.000000 411.585663 0.000000 0.709592 0.000000 -0.704613 0.959283 0.959283 0.959283
1176.566528 0.000000 397.999908 0.000000 0.602355 0.000000 0.798229 0.617232 0.617232 0.617232
1161.093750 0.000000 404.986145 0.000000 0.999974 0.000000 0.007154 0.798542 0.798542 0.798542
1151.781738 0.000000 390.053345 0.000000 0.535819 0.000000 -0.844333 1.000786 1.000786 1.000786
1189.396729 0.000000 402.711273 0.000000 0.496247 0.000000 -0.868182 0.839903 0.839903 0.839903
1203.631470 0.000000 403.526642 0.000000 0.654115 0.000000 0.756395 0.734898 0.734898 0.734898
1204.289062 0.000000 398.885284 0.000000 0.756012 0.000000 0.654558 0.670304 0.670304 0.670304
1196.309204 0.000000 413.845612 0.000000 0.488160 0.000000 -0.872754 0.963140 0.963140 0.963140
1204.416626 0.000000 401.024048 0.000000 0.272102 0.000000 -0.962268 1.063860 1.063860 1.063860
1191.733032 0.000000 387.587982 0.000000 0.339760 0.000000 -0.940512 1.046934 1.046934 1.046934
1202.349243 0.000000 404.946472 0.000000 0.948034 0.000000 -0.318168 0.865963 0.865963 0.865963
1178.053223 0.000000 438.950470 0.000000 0.106105 0.000000 -0.994355 0.914073 0.914073 0.914073
1174.190552 0.000000 444.900604 0.000000 0.841893 0.000000 0.539645 0.753323 0.753323 0.753323
1179.604980 0.000000 433.437531 0.000000 0.765814 0.000000 0.643063 0.657705 0.657705 0.657705
1170.357056 0.000000 436.930847 0.000000 0.886690 0.000000 -0.462364 0.897919 0.897919 0.897919
1154.174683 0.000000 474.484955 0.000000 0.798061 0.000000 0.602577 0.705708 0.705708 0.705708
1182.722778 0.000000 452.914368 0.000000 0.630614 0.000000 0.776097 0.666916 0.666916 0.666916
1171.835083 0.000000 453.795837 0.000000 0.902996 0.000000 -0.429649 0.880715 0.880715 0.880715
1168.049561 0.000000 455.479858 0.000000 1.000000 0.000000 -0.000396 0.800071 0.800071 0.800071
1183.308472 0.000000 451.232239 0.000000 0.704398 0.000000 -0.709805 0.960779 0.960779 0.960779
1193.531128 0.000000 452.290436 0.000000 0.933355 0.000000 -0.358954 0.817599 0.817599 0.817599
1188.891479 0.000000 478.622742 0.000000 0.796094 0.000000 -0.605172 0.858418 0.858418 0.858418
1194.462769 0.000000 460.909119 0.000000 0.171269 0.000000 -0.985224 0.950849 0.950849 0.950849
1195.855957 0.000000 452.740356 0.000000 0.309243 0.000000 -0.950983 0.968125 0.968125 0.968125
1180.921387 0.000000 486.527283 0.000000 0.764459 0.000000 -0.644672 0.813993 0.813993 0.813993
1181.944580 0.000000 501.664551 0.000000 0.744098 0.000000 -0.668070 0.823379 0.823379 0.823379
1183.510010 0.000000 503.184753 0.000000 0.918363 0.000000 0.395740 0.720363 0.720363 0.720363
1180.894775 0.000000 491.232086 0.000000 0.914984 0.000000 0.403489 0.699630 0.699630 0.699630
1196.803833 0.000000 493.680969 0.000000 0.283583 0.000000 -0.958948 0.994788 0.994788 0.994788
1200.057983 0.000000 482.785858 0.000000 0.658568 0.000000 0.752521 0.653679 0.653679 0.653679
1197.495239 0.000000 495.886017 0.000000 0.665785 0.000000 -0.746144 0.942985 0.942985 0.942985
1204.416626 0.000000 496.977173 0.000000 0.626793 0.000000 -0.779186 0.969505 0.969505 0.969505
1183.815308 0.000000 502.977234 0.000000 0.127698 0.000000 -0.991813 1.082388 1.082388 1.082388
1036.451782 0.000000 530.110168 0.000000 0.995706 0.000000 0.092569 0.788521 0.788521 0.788521
1054.637573 0.000000 519.981628 0.000000 0.953910 0.000000 0.300092 0.737909 0.737909 0.737909
1033.523071 0.000000 528.808594 0.000000 0.297455 0.000000 -0.954736 1.030597 1.030597 1.030597
1031.640259 0.000000 530.194031 0.000000 0.886238 0.000000 0.463230 0.701882 0.701882 0.701882
1064.276367 0.000000 520.455383 0.000000 0.816359 0.000000 0.577545 0.787703 0.787703 0.787703
1069.994263 0.000000 543.227112 0.000000 0.336194 0.000000 -0.941793 0.885836 0.885836 0.885836
1062.542603 0.000000 522.138062 0.000000 0.587056 0.000000 -0.809546 0.933775 0.933775 0.933775
1065.117188 0.000000 532.923645 0.000000 0.877570 0.000000 0.479449 0.704127 0.704127 0.704127
1055.805176 0.000000 517.990845 0.000000 0.941900 0.000000 0.335894 0.730215 0.730215 0.730215
1044.519531 0.000000 551.937134 0.000000 0.182661 0.000000 0.983176 0.730741 0.730741 0.730741
1049.274902 0.000000 553.095642 0.000000 0.518225 0.000000 -0.855244 1.009019 1.009019 1.009019
1044.595337 0.000000 571.507568 0.000000 0.996445 0.000000 -0.084241 0.813981 0.813981 0.813981
1061.434570 0.000000 544.125916 0.000000 0.827557 0.000000 0.561382 0.794048 0.794048 0.794048
1064.508057 0.000000 543.735474 0.000000 0.228717 0.000000 -0.973493 1.166663 1.166663 1.166663
1058.738159 0.000000 549.317688 0.000000 0.451245 0.000000 0.892400 0.575373 0.575373 0.575373
1104.859253 0.000000 574.301514 0.000000 0.137173 0.000000 -0.990547 0.957433 0.957433 0.957433
1114.726562 0.000000 574.760010 0.000000 0.888468 0.000000 0.458938 0.647635 0.647635 0.647635
1116.491577 0.000000 574.894104 0.000000 0.893296 0.000000 -0.449469 0.929416 0.929416 0.929416
1120.377075 0.000000 572.000366 0.000000 0.886267 0.000000 -0.463175 0.892335 0.892335 0.892335
1134.772217 0.000000 563.515198 0.000000 0.996621 0.000000 -0.082133 0.816751 0.816751 0.816751
1078.685181 0.000000 597.363281 0.000000 0.817362 0.000000 -0.576124 0.829430 0.829430 0.829430
1068.592651 0.000000 603.607788 0.000000 0.748911 0.000000 0.662671 0.711748 0.711748 0.711748
1081.675293 0.000000 596.566345 0.000000 0.998759 0.000000 -0.049812 0.807962 0.807962 0.807962
1087.533447 0.000000 599.137878 0.000000 0.662807 0.000000 -0.748790 0.957182 0.957182 0.957182
1068.340454 0.000000 605.751892 0.000000 0.924011 0.000000 -0.382366 0.879930 0.879930 0.879930
1076.587524 0.000000 603.491943 0.000000 0.366577 0.000000 0.930388 0.556461 0.556461 0.556461
1070.097290 0.000000 605.058044 0.000000 0.979095 0.000000 0.203405 0.761135 0.761135 0.761135
1023.865845 0.000000 620.138306 0.000000 0.834905 0.000000 -0.550394 0.822117 0.822117 0.822117
1039.216553 0.000000 621.828430 0.000000 0.444371 0.000000 0.895843 0.733473 0.733473 0.733473
1027.878296 0.000000 629.443542 0.000000 0.892280 0.000000 -0.451483 0.841165 0.841165 0.841165
1045.052979 0.000000 631.614319 0.000000 0.698107 0.000000 0.715994 0.701179 0.701179 0.701179
1037.534302 0.000000 623.823486 0.000000 0.774178 0.000000 -0.632968 0.904034 0.904034 0.904034
1039.110962 0.000000 629.794312 0.000000 0.989823 0.000000 0.142306 0.777470 0.777470 0.777470
1033.523071 0.000000 624.761719 0.000000 0.790658 0.000000 0.612258 0.665767 0.665767 0.665767
1033.223389 0.000000 622.619934 0.000000 0.901361 0.000000 0.433069 0.708756 0.708756 0.708756
1068.835083 0.000000 621.618469 0.000000 0.935605 0.000000 0.353050 0.753878 0.753878 0.753878
1069.526489 0.000000 623.823486 0.000000 0.305093 0.000000 -0.952323 1.014033 1.014033 1.014033
1068.385132 0.000000 616.675903 0.000000 0.074606 0.000000 0.997213 0.504177 0.504177 0.504177
1081.994385 0.000000 632.969543 0.000000 0.805050 0.000000 -0.593207 0.929369 0.929369 0.929369
1066.132935 0.000000 616.621460 0.000000 0.451368 0.000000 -0.892338 1.024599 1.024599 1.024599
1111.659058 0.000000 580.153259 0.000000 0.279936 0.000000 -0.960019 0.941382 0.941382 0.941382
1118.739136 0.000000 590.664917 0.000000 0.280468 0.000000 0.959863 0.576456 0.576456 0.576456
1099.237427 0.000000 595.982849 0.000000 0.889505 0.000000 0.456925 0.703328 0.703328 0.703328
1110.494629 0.000000 578.179504 0.000000 0.960211 0.000000 0.279275 0.724250 0.724250 0.724250
1115.684326 0.000000 577.995605 0.000000 0.951099 0.000000 0.308885 0.742300 0.742300 0.742300
1087.838745 0.000000 598.930359 0.000000 0.100213 0.000000 0.994966 0.526880 0.526880 0.526880
1108.067505 0.000000 578.361145 0.000000 0.869733 0.000000 -0.493522 0.969058 0.969058 0.969058
1137.473755 0.000000 575.998169 0.000000 0.995383 0.000000 -0.095979 0.803264 0.803264 0.803264
1119.842407 0.000000 588.153931 0.000000 0.036449 0.000000 0.999336 0.744840 0.744840 0.744840
1135.193115 0.000000 589.844055 0.000000 1.000000 0.000000 0.000040 0.799998 0.799998 0.799998
1130.478394 0.000000 588.846619 0.000000 0.328053 0.000000 -0.944659 0.933364 0.933364 0.933364
1148.875488 0.000000 591.708557 0.000000 0.451635 0.000000 0.892203 0.637100 0.637100 0.637100
1132.819458 0.000000 589.634094 0.000000 0.954485 0.000000 0.298259 0.749188 0.749188 0.749188
1136.073608 0.000000 578.738953 0.000000 0.703524 0.000000 0.710672 0.700540 0.700540 0.700540
1147.612793 0.000000 593.359375 0.000000 0.423287 0.000000 -0.905996 1.030961 1.030961 1.030961
1147.676514 0.000000 577.995605 0.000000 0.603505 0.000000 -0.797359 0.988013 0.988013 0.988013
1104.628418 0.000000 618.155396 0.000000 0.737824 0.000000 0.674993 0.780762 0.780762 0.780762
1116.883301 0.000000 623.692932 0.000000 0.530695 0.000000 0.847563 0.666683 0.666683 0.666683
1089.115967 0.000000 622.469727 0.000000 0.991694 0.000000 -0.128622 0.818290 0.818290 0.818290
1105.878052 0.000000 615.974854 0.000000 0.536224 0.000000 -0.844076 0.910380 0.910380 0.910380
1108.412720 0.000000 629.459167 0.000000 0.360230 0.000000 -0.932864 0.968087 0.968087 0.968087
1100.377319 0.000000 616.675903 0.000000 0.813505 0.000000 -0.581558 0.926436 0.926436 0.926436
1102.547119 0.000000 617.406616 0.000000 0.357719 0.000000 0.933829 0.554525 0.554525 0.554525
1110.494629 0.000000 610.163879 0.000000 0.982259 0.000000 -0.187530 0.832402 0.832402 0.832402
1139.886230 0.000000 638.664001 0.000000 0.897421 0.000000 -0.441174 0.808213 0.808213 0.808213
1140.496094 0.000000 615.905884 0.000000 0.272517 0.000000 0.962151 0.725006 0.725006 0.725006
1138.439209 0.000000 610.572876 0.000000 0.077930 0.000000 -0.996959 0.949073 0.949073 0.949073
1139.842896 0.000000 613.717712 0.000000 0.654714 0.000000 0.755876 0.681898 0.681898 0.681898
1141.995483 0.000000 639.076294 0.000000 0.403565 0.000000 -0.914951 1.035374 1.035374 1.035374
1188.113403 0.000000 521.910400 0.000000 0.994949 0.000000 0.100383 0.794578 0.794578 0.794578
1195.855957 0.000000 516.709106 0.000000 0.077777 0.000000 -0.996971 1.080285 1.080285 1.080285
1204.389282 0.000000 533.506042 0.000000 0.912047 0.000000 -0.410085 0.881861 0.881861 0.881861
1209.235840 0.000000 521.111267 0.000000 0.347879 0.000000 0.937540 0.586369 0.586369 0.586369
1205.610352 0.000000 531.783813 0.000000 0.448156 0.000000 -0.893955 1.054051 1.054051 1.054051
1187.711914 0.000000 524.806641 0.000000 0.912349 0.000000 0.409413 0.693008 0.693008 0.693008
1219.831421 0.000000 533.490417 0.000000 0.990171 0.000000 -0.139862 0.812331 0.812331 0.812331
1219.786255 0.000000 528.836731 0.000000 0.991098 0.000000 -0.133133 0.817068 0.817068 0.817068
1026.376465 0.000000 658.698303 0.000000 0.852305 0.000000 -0.523044 0.862661 0.862661 0.862661
1045.052979 0.000000 663.598694 0.000000 0.228907 0.000000 0.973448 0.628737 0.628737 0.628737
1029.335449 0.000000 652.218994 0.000000 0.606231 0.000000 0.795289 0.689814 0.689814 0.689814
1047.869507 0.000000 663.780823 0.000000 0.715342 0.000000 -0.698774 0.909711 0.909711 0.909711
1024.400513 0.000000 667.953491 0.000000 0.043973 0.000000 -0.999033 1.068347 1.068347 1.068347
1030.052490 0.000000 654.499878 0.000000 0.916562 0.000000 -0.399892 0.862446 0.862446 0.862446
1055.541260 0.000000 663.106628 0.000000 0.623731 0.000000 0.781639 0.617206 0.617206 0.617206
1047.835205 0.000000 659.406433 0.000000 0.994016 0.000000 0.109237 0.780762 0.780762 0.780762
1048.462402 0.000000 661.934387 0.000000 0.894372 0.000000 -0.447324 0.891700 0.891700 0.891700
1073.502808 0.000000 645.257141 0.000000 0.888208 0.000000 -0.459442 0.826696 0.826696 0.826696
1081.327881 0.000000 666.963440 0.000000 0.251070 0.000000 0.967969 0.697415 0.697415 0.697415
1073.885864 0.000000 647.959229 0.000000 0.172236 0.000000 0.985056 0.593426 0.593426 0.593426
1079.861694 0.000000 663.780823 0.000000 0.038496 0.000000 0.999259 0.616379 0.616379 0.616379
1070.526978 0.000000 651.500122 0.000000 0.760695 0.000000 0.649110 0.699828 0.699828 0.699828
1068.385132 0.000000 648.660278 0.000000 0.083740 0.000000 -0.996488 1.061343 1.061343 1.061343
1064.930420 0.000000 646.338562 0.000000 0.508662 0.000000 0.860966 0.625997 0.625997 0.625997
1070.554932 0.000000 649.390991 0.000000 0.233536 0.000000 -0.972348 1.098646 1.098646 1.098646
1081.994385 0.000000 664.953918 0.000000 0.639004 0.000000 -0.769203 0.966513 0.966513 0.966513
1055.846558 0.000000 662.899109 0.000000 0.827700 0.000000 0.561171 0.678625 0.678625 0.678625
1052.094360 0.000000 691.464600 0.000000 0.421956 0.000000 -0.906616 0.931501 0.931501 0.931501
1044.328125 0.000000 686.744629 0.000000 0.991000 0.000000 0.133861 0.781765 0.781765 0.781765
1054.901978 0.000000 691.739014 0.000000 0.993465 0.000000 0.114136 0.780124 0.780124 0.780124
1068.250122 0.000000 682.834106 0.000000 0.558391 0.000000 -0.829578 0.841034 0.841034 0.841034
1086.453979 0.000000 682.079956 0.000000 0.552442 0.000000 0.833551 0.709459 0.709459 0.709459
1079.026978 0.000000 680.333862 0.000000 0.409734 0.000000 -0.912205 0.949116 0.949116 0.949116
1055.759766 0.000000 691.067139 0.000000 0.303757 0.000000 -0.952750 1.019313 1.019313 1.019313
1084.790894 0.000000 680.566223 0.000000 0.869635 0.000000 -0.493695 0.905187 0.905187 0.905187
1103.200928 0.000000 653.812805 0.000000 0.657848 0.000000 0.753151 0.754010 0.754010 0.754010
1103.081543 0.000000 664.014832 0.000000 0.911851 0.000000 -0.410521 0.824502 0.824502 0.824502
1110.340698 0.000000 657.877136 0.000000 0.154389 0.000000 -0.988010 0.904624 0.904624 0.904624
1104.565674 0.000000 660.116272 0.000000 0.329548 0.000000 0.944139 0.671740 0.671740 0.671740
1109.037354 0.000000 663.598694 0.000000 0.322135 0.000000 -0.946694 0.961343 0.961343 0.961343
1105.878052 0.000000 647.959229 0.000000 0.397712 0.000000 -0.917511 0.974026 0.974026 0.974026
1108.312500 0.000000 654.760254 0.000000 0.482090 0.000000 0.876121 0.379885 0.379885 0.379885
1103.095337 0.000000 661.778687 0.000000 0.805849 0.000000 0.592121 0.707609 0.707609 0.707609
1103.272705 0.000000 645.390808 0.000000 0.914097 0.000000 0.405497 0.737458 0.737458 0.737458
1108.440063 0.000000 656.899048 0.000000 0.610955 0.000000 -0.791665 0.984278 0.984278 0.984278
1106.376953 0.000000 654.203003 0.000000 0.840916 0.000000 -0.541166 0.991867 0.991867 0.991867
1149.999146 0.000000 670.040466 0.000000 0.965131 0.000000 -0.261769 0.808993 0.808993 0.808993
1123.854858 0.000000 661.427917 0.000000 0.646315 0.000000 -0.763070 0.860680 0.860680 0.860680
1128.766113 0.000000 665.903015 0.000000 0.832309 0.000000 -0.554312 0.843418 0.843418 0.843418
1132.577026 0.000000 667.576538 0.000000 0.095685 0.000000 0.995412 0.652707 0.652707 0.652707
1121.855469 0.000000 663.361877 0.000000 0.570266 0.000000 -0.821460 0.928993 0.928993 0.928993
1139.842896 0.000000 645.702087 0.000000 0.449892 0.000000 0.893083 0.652248 0.652248 0.652248
1142.486816 0.000000 642.148254 0.000000 0.999971 0.000000 -0.007631 0.801433 0.801433 0.801433
1116.783081 0.000000 680.566223 0.000000 0.933121 0.000000 -0.359563 0.878601 0.878601 0.878601
1124.565918 0.000000 676.791870 0.000000 0.153105 0.000000 -0.988210 0.848114 0.848114 0.848114
1147.676514 0.000000 673.948730 0.000000 0.050439 0.000000 0.998727 0.490280 0.490280 0.490280
1044.595337 0.000000 731.429443 0.000000 0.196091 0.000000 -0.980586 1.027674 1.027674 1.027674
1042.388306 0.000000 724.790222 0.000000 0.330250 0.000000 -0.943893 1.051435 1.051435 1.051435
1170.431396 0.000000 674.541626 0.000000 0.886946 0.000000 -0.461873 0.858492 0.858492 0.858492
1170.961060 0.000000 682.004944 0.000000 0.982283 0.000000 -0.187406 0.832381 0.832381 0.832381
1153.805420 0.000000 672.296753 0.000000 0.888604 0.000000 0.458675 0.713396 0.713396 0.713396
"}
