object={
	name="tree_jungle_sellia_c_generator_1_0"
	render_pass=Map
	clamp_to_water_level=no
	generated_content=yes
	layer="tree_high_layer"
	pdxmesh="tree_jungle_sellia_c_mesh"
	count=113
	transform="1115.258545 0.000000 480.141815 0.000000 0.107494 0.000000 -0.994206 1.235317 1.235317 1.235317
1109.225586 0.000000 483.736420 0.000000 0.892044 0.000000 0.451948 0.891571 0.891571 0.891571
1108.503906 0.000000 487.968384 0.000000 0.098725 0.000000 -0.995115 1.210879 1.210879 1.210879
1117.563721 0.000000 482.953949 0.000000 0.378077 0.000000 -0.925774 1.027596 1.027596 1.027596
1114.174194 0.000000 483.414764 0.000000 0.918103 0.000000 -0.396341 0.980579 0.980579 0.980579
1111.659058 0.000000 484.200134 0.000000 0.684476 0.000000 0.729035 0.749488 0.749488 0.749488
1110.049683 0.000000 486.091919 0.000000 0.029112 0.000000 0.999576 0.636737 0.636737 0.636737
1113.341919 0.000000 481.490082 0.000000 0.192129 0.000000 0.981370 0.745249 0.745249 0.745249
1115.684326 0.000000 482.042511 0.000000 0.247515 0.000000 -0.968884 1.161134 1.161134 1.161134
1115.985352 0.000000 483.861694 0.000000 0.999949 0.000000 0.010096 0.898004 0.898004 0.898004
1113.158813 0.000000 511.745483 0.000000 0.921796 0.000000 0.387676 0.841857 0.841857 0.841857
1116.920288 0.000000 480.749756 0.000000 0.869707 0.000000 -0.493569 0.964950 0.964950 0.964950
1111.429077 0.000000 485.710693 0.000000 0.438879 0.000000 -0.898546 1.105700 1.105700 1.105700
1109.866943 0.000000 487.553680 0.000000 0.977261 0.000000 0.212039 0.854873 0.854873 0.854873
1109.043701 0.000000 485.265625 0.000000 0.287074 0.000000 0.957908 0.606731 0.606731 0.606731
1114.609131 0.000000 481.249695 0.000000 0.033739 0.000000 0.999431 0.547734 0.547734 0.547734
1131.211792 0.000000 495.476868 0.000000 0.829693 0.000000 0.558221 0.737655 0.737655 0.737655
1132.234497 0.000000 490.927856 0.000000 0.415327 0.000000 0.909672 0.858927 0.858927 0.858927
1135.193115 0.000000 493.890930 0.000000 0.687207 0.000000 -0.726461 1.044339 1.044339 1.044339
1130.478394 0.000000 492.893494 0.000000 0.661527 0.000000 0.749921 0.831411 0.831411 0.831411
1132.819458 0.000000 493.680969 0.000000 0.937276 0.000000 0.348587 0.815196 0.815196 0.815196
1133.510864 0.000000 495.886017 0.000000 0.413070 0.000000 0.910699 0.593857 0.593857 0.593857
1129.499634 0.000000 496.824249 0.000000 0.853129 0.000000 0.521700 0.826008 0.826008 0.826008
1129.199951 0.000000 494.682434 0.000000 0.180530 0.000000 0.983570 0.684613 0.684613 0.684613
1130.834351 0.000000 497.894592 0.000000 0.455419 0.000000 -0.890277 1.119562 1.119562 1.119562
1135.773193 0.000000 492.411804 0.000000 0.987747 0.000000 0.156063 0.872184 0.872184 0.872184
1134.083618 0.000000 492.957458 0.000000 0.250509 0.000000 0.968114 0.666122 0.666122 0.666122
1131.425537 0.000000 494.038696 0.000000 0.652235 0.000000 -0.758016 1.135817 1.135817 1.135817
1132.468872 0.000000 494.990906 0.000000 0.361861 0.000000 0.932232 0.579001 0.579001 0.579001
1133.821411 0.000000 494.605469 0.000000 0.781246 0.000000 0.624223 0.719749 0.719749 0.719749
1130.001343 0.000000 495.723114 0.000000 0.748475 0.000000 0.663164 0.701252 0.701252 0.701252
1130.354736 0.000000 494.531738 0.000000 0.278086 0.000000 -0.960556 1.253341 1.253341 1.253341
1152.707153 0.000000 501.265564 0.000000 0.549984 0.000000 0.835175 0.702336 0.702336 0.702336
1154.499634 0.000000 509.036469 0.000000 0.537200 0.000000 0.843455 0.868428 0.868428 0.868428
1155.999146 0.000000 504.693359 0.000000 0.644749 0.000000 -0.764394 0.917595 0.917595 0.917595
1158.432007 0.000000 507.982666 0.000000 0.999893 0.000000 0.014657 0.897398 0.897398 0.897398
1155.847046 0.000000 501.506073 0.000000 0.844132 0.000000 0.536135 0.770316 0.770316 0.770316
1154.345215 0.000000 498.776428 0.000000 0.911099 0.000000 -0.412188 0.984005 0.984005 0.984005
1158.709961 0.000000 504.589020 0.000000 0.433130 0.000000 -0.901331 0.978209 0.978209 0.978209
1156.348999 0.000000 507.172058 0.000000 0.973693 0.000000 -0.227863 0.952685 0.952685 0.952685
1157.972290 0.000000 506.203735 0.000000 0.601520 0.000000 -0.798858 1.112085 1.112085 1.112085
1154.353149 0.000000 500.597107 0.000000 0.992193 0.000000 -0.124709 0.928656 0.928656 0.928656
1155.937378 0.000000 499.722961 0.000000 0.999054 0.000000 -0.043494 0.908603 0.908603 0.908603
1156.171509 0.000000 509.081818 0.000000 0.931237 0.000000 0.364414 0.848038 0.848038 0.848038
1159.447388 0.000000 506.818176 0.000000 0.335877 0.000000 -0.941906 1.118022 1.118022 1.118022
1152.903442 0.000000 498.156006 0.000000 0.397739 0.000000 -0.917499 1.098384 1.098384 1.098384
1153.088867 0.000000 499.778473 0.000000 0.387330 0.000000 0.921941 0.699683 0.699683 0.699683
1155.649048 0.000000 498.258698 0.000000 0.910877 0.000000 -0.412679 0.984111 0.984111 0.984111
1115.258545 0.000000 512.126221 0.000000 0.992829 0.000000 -0.119542 0.928809 0.928809 0.928809
1107.894043 0.000000 542.710876 0.000000 0.847959 0.000000 0.530062 0.848534 0.848534 0.848534
1111.507568 0.000000 512.462158 0.000000 0.448659 0.000000 0.893703 0.780767 0.780767 0.780767
1117.563721 0.000000 514.938293 0.000000 0.964310 0.000000 -0.264778 0.961415 0.961415 0.961415
1114.174194 0.000000 515.399170 0.000000 0.546514 0.000000 -0.837450 1.131948 1.131948 1.131948
1113.341919 0.000000 513.474426 0.000000 0.897731 0.000000 -0.440545 1.004555 1.004555 1.004555
1115.684326 0.000000 514.026855 0.000000 0.073796 0.000000 -0.997273 1.249799 1.249799 1.249799
1115.985352 0.000000 515.846069 0.000000 0.999889 0.000000 0.014920 0.896513 0.896513 0.896513
1116.920288 0.000000 512.734131 0.000000 0.590552 0.000000 0.807000 0.767073 0.767073 0.767073
1113.706299 0.000000 512.161621 0.000000 0.512153 0.000000 -0.858894 1.136771 1.136771 1.136771
1114.609131 0.000000 513.234070 0.000000 0.985020 0.000000 -0.172439 0.941666 0.941666 0.941666
1136.620605 0.000000 522.202271 0.000000 0.823250 0.000000 0.567678 0.784705 0.784705 0.784705
1138.399658 0.000000 528.310364 0.000000 0.070321 0.000000 -0.997524 0.997767 0.997767 0.997767
1135.193115 0.000000 525.875305 0.000000 0.580076 0.000000 0.814562 0.857220 0.857220 0.857220
1139.689331 0.000000 524.537720 0.000000 0.811074 0.000000 -0.584943 0.922462 0.922462 0.922462
1135.082275 0.000000 529.649292 0.000000 0.801277 0.000000 0.598294 0.848121 0.848121 0.848121
1137.870239 0.000000 520.021729 0.000000 0.930632 0.000000 0.365957 0.814134 0.814134 0.814134
1137.273315 0.000000 524.550476 0.000000 0.684466 0.000000 -0.729045 0.966080 0.966080 0.966080
1138.968872 0.000000 522.083069 0.000000 0.490994 0.000000 -0.871163 1.047327 1.047327 1.047327
1136.267334 0.000000 527.874939 0.000000 0.998333 0.000000 0.057710 0.886766 0.886766 0.886766
1138.369141 0.000000 526.265503 0.000000 0.111723 0.000000 0.993739 0.749219 0.749219 0.749219
1136.730225 0.000000 526.329041 0.000000 0.999991 0.000000 0.004226 0.899031 0.899031 0.899031
1137.673462 0.000000 521.353027 0.000000 0.986278 0.000000 -0.165095 0.938011 0.938011 0.938011
1137.568115 0.000000 527.305542 0.000000 0.425657 0.000000 -0.904885 1.159231 1.159231 1.159231
1109.225586 0.000000 547.705139 0.000000 0.982656 0.000000 -0.185438 0.924726 0.924726 0.924726
1105.481567 0.000000 544.013794 0.000000 0.089601 0.000000 -0.995978 0.923295 0.923295 0.923295
1105.494995 0.000000 549.304016 0.000000 0.895150 0.000000 -0.445765 1.005889 1.005889 1.005889
1111.507568 0.000000 544.446533 0.000000 0.675004 0.000000 0.737814 0.814232 0.814232 0.814232
1108.450562 0.000000 544.768005 0.000000 0.839357 0.000000 0.543581 0.774745 0.774745 0.774745
1106.447021 0.000000 546.604126 0.000000 0.706758 0.000000 -0.707455 1.088942 1.088942 1.088942
1111.659058 0.000000 548.168884 0.000000 0.923295 0.000000 0.384091 0.858368 0.858368 0.858368
1104.081421 0.000000 546.754578 0.000000 0.716425 0.000000 0.697664 0.790701 0.790701 0.790701
1107.850708 0.000000 549.748962 0.000000 0.822942 0.000000 -0.568126 1.003180 1.003180 1.003180
1113.341919 0.000000 545.458801 0.000000 0.047119 0.000000 0.998889 0.725401 0.725401 0.725401
1110.494629 0.000000 546.195129 0.000000 0.836264 0.000000 0.548326 0.778727 0.778727 0.778727
1107.170410 0.000000 548.161926 0.000000 0.959861 0.000000 0.280477 0.851453 0.851453 0.851453
1108.067505 0.000000 546.376770 0.000000 0.102900 0.000000 0.994692 0.705430 0.705430 0.705430
1106.820435 0.000000 544.989319 0.000000 0.805356 0.000000 -0.592792 1.045421 1.045421 1.045421
1112.260864 0.000000 546.608032 0.000000 0.910160 0.000000 0.414257 0.802110 0.802110 0.802110
1170.391846 0.000000 528.310364 0.000000 0.977824 0.000000 0.209427 0.864445 0.864445 0.864445
1171.639282 0.000000 531.464172 0.000000 0.201137 0.000000 0.979563 0.592562 0.592562 0.592562
1171.191528 0.000000 530.038452 0.000000 0.800967 0.000000 -0.598709 1.044225 1.044225 1.044225
1168.098145 0.000000 530.761780 0.000000 0.660235 0.000000 -0.751059 1.094729 1.094729 1.094729
1169.946899 0.000000 531.617737 0.000000 0.195920 0.000000 -0.980620 1.214806 1.214806 1.214806
1170.318359 0.000000 566.687195 0.000000 0.741752 0.000000 -0.670674 0.974328 0.974328 0.974328
1170.391846 0.000000 560.294739 0.000000 0.989809 0.000000 0.142399 0.893579 0.893579 0.893579
1151.907593 0.000000 545.378845 0.000000 0.559435 0.000000 0.828874 0.882437 0.882437 0.882437
1171.639282 0.000000 563.448547 0.000000 0.998309 0.000000 -0.058123 0.913328 0.913328 0.913328
1171.191772 0.000000 569.921997 0.000000 0.811752 0.000000 0.584003 0.757070 0.757070 0.757070
1152.879883 0.000000 548.462646 0.000000 0.427817 0.000000 -0.903865 1.080064 1.080064 1.080064
1155.114868 0.000000 546.075867 0.000000 0.949001 0.000000 -0.315273 0.954771 0.954771 0.954771
1168.550049 0.000000 564.163147 0.000000 0.989823 0.000000 -0.142307 0.910588 0.910588 0.910588
1168.932861 0.000000 569.725220 0.000000 0.433557 0.000000 -0.901126 1.157226 1.157226 1.157226
1172.397095 0.000000 565.490417 0.000000 0.666299 0.000000 0.745685 0.807346 0.807346 0.807346
1169.722900 0.000000 562.299561 0.000000 0.944530 0.000000 -0.328424 0.930827 0.930827 0.930827
1173.618164 0.000000 563.768188 0.000000 0.799075 0.000000 0.601231 0.811590 0.811590 0.811590
1154.714722 0.000000 549.317688 0.000000 0.966272 0.000000 0.257523 0.868983 0.868983 0.868983
1153.361450 0.000000 546.667725 0.000000 0.421832 0.000000 0.906674 0.639801 0.639801 0.639801
1170.357056 0.000000 564.868347 0.000000 0.924460 0.000000 0.381280 0.827927 0.827927 0.827927
1169.171875 0.000000 571.573975 0.000000 0.615266 0.000000 0.788319 0.783700 0.783700 0.783700
1171.332764 0.000000 568.077087 0.000000 0.999934 0.000000 0.011521 0.897359 0.897359 0.897359
1154.664673 0.000000 547.679565 0.000000 0.370389 0.000000 -0.928877 1.103443 1.103443 1.103443
1169.791992 0.000000 568.215210 0.000000 0.908244 0.000000 -0.418442 0.998945 0.998945 0.998945
1171.191528 0.000000 562.022827 0.000000 0.867210 0.000000 -0.497943 1.019456 1.019456 1.019456
1168.356812 0.000000 568.533569 0.000000 0.861230 0.000000 0.508215 0.777820 0.777820 0.777820
"}
