object={
	name="tree_sellia_high_generator_1_0"
	render_pass=Map
	clamp_to_water_level=no
	generated_content=yes
	layer="tree_high_layer"
	pdxmesh="tree_sellia_a_mesh"
	count=36
	transform="1171.681519 0.000000 524.537720 0.000000 0.118217 0.000000 -0.992988 0.869614 0.869614 0.869614
1169.862427 0.000000 520.021729 0.000000 0.071337 0.000000 -0.997452 1.021605 1.021605 1.021605
1169.265503 0.000000 524.550476 0.000000 0.984860 0.000000 0.173352 0.778773 0.778773 0.778773
1164.811646 0.000000 525.665344 0.000000 0.389059 0.000000 0.921213 0.638599 0.638599 0.638599
1170.961060 0.000000 522.083069 0.000000 0.259965 0.000000 -0.965618 1.032469 1.032469 1.032469
1165.503052 0.000000 527.870361 0.000000 0.110410 0.000000 -0.993886 1.044968 1.044968 1.044968
1167.079712 0.000000 533.841187 0.000000 0.981934 0.000000 -0.189222 0.838782 0.838782 0.838782
1177.970947 0.000000 537.016418 0.000000 0.999862 0.000000 -0.016621 0.802855 0.802855 0.802855
1189.739624 0.000000 534.570984 0.000000 0.816859 0.000000 -0.576837 0.921573 0.921573 0.921573
1182.606323 0.000000 551.966003 0.000000 0.066855 0.000000 -0.997763 1.106370 1.106370 1.106370
1206.529053 0.000000 569.955383 0.000000 0.823529 0.000000 -0.567274 0.820480 0.820480 0.820480
1188.891479 0.000000 574.575867 0.000000 0.543271 0.000000 0.839557 0.684569 0.684569 0.684569
1185.092529 0.000000 558.500977 0.000000 0.173166 0.000000 0.984893 0.657728 0.657728 0.657728
1207.830444 0.000000 567.827698 0.000000 0.593903 0.000000 -0.804536 0.913900 0.913900 0.913900
1203.827271 0.000000 549.748962 0.000000 0.434408 0.000000 0.900716 0.620821 0.620821 0.620821
1207.796143 0.000000 563.453308 0.000000 0.803991 0.000000 -0.594642 0.905566 0.905566 0.905566
1207.524902 0.000000 571.495667 0.000000 0.554723 0.000000 0.832035 0.599792 0.599792 0.599792
1162.470581 0.000000 588.846619 0.000000 0.677798 0.000000 0.735249 0.712561 0.712561 0.712561
1169.265503 0.000000 588.519226 0.000000 0.745728 0.000000 -0.666250 0.904855 0.904855 0.904855
1170.361328 0.000000 590.234253 0.000000 0.584012 0.000000 -0.811745 1.121581 1.121581 1.121581
1180.894775 0.000000 587.185181 0.000000 0.226959 0.000000 0.973904 0.419443 0.419443 0.419443
1179.525146 0.000000 589.293823 0.000000 0.659355 0.000000 0.751832 0.626669 0.626669 0.626669
1210.045410 0.000000 598.872375 0.000000 0.978142 0.000000 0.207939 0.788704 0.788704 0.788704
1213.540283 0.000000 578.907043 0.000000 0.421354 0.000000 -0.906896 0.890743 0.890743 0.890743
1187.107056 0.000000 578.060242 0.000000 0.353931 0.000000 -0.935272 0.918321 0.918321 0.918321
1206.995728 0.000000 584.380737 0.000000 0.349502 0.000000 -0.936936 0.986660 0.986660 0.986660
1189.764038 0.000000 578.519592 0.000000 0.685284 0.000000 -0.728275 0.894502 0.894502 0.894502
1209.235840 0.000000 585.080017 0.000000 0.967975 0.000000 0.251048 0.748304 0.748304 0.748304
1202.353516 0.000000 590.234253 0.000000 0.728385 0.000000 0.685168 0.646226 0.646226 0.646226
1211.852417 0.000000 597.591980 0.000000 0.054952 0.000000 -0.998489 1.108800 1.108800 1.108800
1208.423340 0.000000 597.965637 0.000000 0.750708 0.000000 0.660635 0.652984 0.652984 0.652984
1211.961914 0.000000 579.814819 0.000000 0.748897 0.000000 -0.662686 0.947574 0.947574 0.947574
1225.514526 0.000000 594.823120 0.000000 0.498852 0.000000 -0.866687 0.875389 0.875389 0.875389
1224.891357 0.000000 582.369812 0.000000 0.062614 0.000000 -0.998038 1.037957 1.037957 1.037957
1225.476196 0.000000 592.777344 0.000000 0.987888 0.000000 0.155169 0.772928 0.772928 0.772928
1223.282227 0.000000 583.030273 0.000000 0.988639 0.000000 -0.150308 0.848818 0.848818 0.848818
"}
