object={
	name="tree_sellia_high_generator_3_0"
	render_pass=Map
	clamp_to_water_level=no
	generated_content=yes
	layer="tree_high_layer"
	pdxmesh="tree_sellia_c_mesh"
	count=44
	transform="1163.203979 0.000000 527.461243 0.000000 0.522022 0.000000 0.852932 0.795715 0.795715 0.795715
1170.318359 0.000000 534.702820 0.000000 0.619622 0.000000 -0.784901 0.814601 0.814601 0.814601
1168.612793 0.000000 522.202271 0.000000 0.908937 0.000000 0.416932 0.772685 0.772685 0.772685
1165.201660 0.000000 532.647095 0.000000 0.564777 0.000000 0.825244 0.782553 0.782553 0.782553
1167.185303 0.000000 525.875305 0.000000 0.999687 0.000000 0.025030 0.798410 0.798410 0.798410
1167.074463 0.000000 529.649292 0.000000 0.955527 0.000000 0.294902 0.786906 0.786906 0.786906
1171.191772 0.000000 537.937622 0.000000 0.308913 0.000000 0.951090 0.723193 0.723193 0.723193
1177.304443 0.000000 539.025940 0.000000 0.908481 0.000000 -0.417926 0.826351 0.826351 0.826351
1191.930542 0.000000 534.423096 0.000000 0.913643 0.000000 -0.406519 0.825585 0.825585 0.825585
1187.991333 0.000000 536.677734 0.000000 0.628611 0.000000 0.777720 0.759959 0.759959 0.759959
1200.835815 0.000000 542.317139 0.000000 0.945940 0.000000 -0.324341 0.819396 0.819396 0.819396
1180.921387 0.000000 550.496033 0.000000 0.929844 0.000000 -0.367954 0.808354 0.808354 0.808354
1184.462524 0.000000 551.659363 0.000000 0.152614 0.000000 -0.988286 0.858607 0.858607 0.858607
1209.557251 0.000000 562.146362 0.000000 0.759824 0.000000 -0.650129 0.815690 0.815690 0.815690
1187.794312 0.000000 558.392090 0.000000 0.676380 0.000000 -0.736553 0.850601 0.850601 0.850601
1205.202148 0.000000 547.705139 0.000000 0.178227 0.000000 0.983989 0.752473 0.752473 0.752473
1201.458130 0.000000 544.013794 0.000000 0.972072 0.000000 -0.234685 0.814194 0.814194 0.814194
1208.889771 0.000000 573.923279 0.000000 0.613793 0.000000 -0.789467 0.833803 0.833803 0.833803
1187.991333 0.000000 568.662109 0.000000 0.578196 0.000000 0.815898 0.749112 0.749112 0.749112
1184.068359 0.000000 560.812256 0.000000 0.980968 0.000000 -0.194171 0.804801 0.804801 0.804801
1206.653931 0.000000 565.378906 0.000000 0.803728 0.000000 0.594997 0.761053 0.761053 0.761053
1206.778076 0.000000 558.872986 0.000000 0.798702 0.000000 0.601726 0.776788 0.776788 0.776788
1206.317261 0.000000 561.924011 0.000000 0.656500 0.000000 -0.754326 0.852231 0.852231 0.852231
1198.463013 0.000000 544.594238 0.000000 0.724258 0.000000 -0.689529 0.846499 0.846499 0.846499
1170.391846 0.000000 592.279114 0.000000 0.881352 0.000000 -0.472460 0.811794 0.811794 0.811794
1181.350586 0.000000 589.011047 0.000000 0.868980 0.000000 0.494846 0.754406 0.754406 0.754406
1164.226685 0.000000 586.880981 0.000000 0.212219 0.000000 -0.977222 0.882931 0.882931 0.882931
1174.785889 0.000000 590.857361 0.000000 0.074166 0.000000 -0.997246 0.844835 0.844835 0.844835
1171.681519 0.000000 588.506470 0.000000 0.474401 0.000000 -0.880309 0.889012 0.889012 0.889012
1178.476074 0.000000 590.825623 0.000000 0.943639 0.000000 0.330977 0.779585 0.779585 0.779585
1207.848145 0.000000 586.686584 0.000000 0.742954 0.000000 0.669343 0.784182 0.784182 0.784182
1211.235107 0.000000 576.094971 0.000000 0.570619 0.000000 0.821215 0.776330 0.776330 0.776330
1189.403320 0.000000 576.110291 0.000000 0.977036 0.000000 0.213072 0.786877 0.786877 0.786877
1209.557251 0.000000 594.130737 0.000000 0.277758 0.000000 0.960651 0.738197 0.738197 0.738197
1206.529053 0.000000 601.939758 0.000000 0.634931 0.000000 0.772569 0.746043 0.746043 0.746043
1208.588379 0.000000 582.456604 0.000000 0.326707 0.000000 -0.945126 0.840055 0.840055 0.840055
1203.673706 0.000000 588.506470 0.000000 0.849598 0.000000 -0.527430 0.828961 0.828961 0.828961
1210.150757 0.000000 579.367920 0.000000 0.781512 0.000000 -0.623890 0.841174 0.841174 0.841174
1216.454712 0.000000 583.643738 0.000000 0.996948 0.000000 -0.078070 0.802014 0.802014 0.802014
1227.188354 0.000000 591.429993 0.000000 0.688210 0.000000 0.725511 0.771303 0.771303 0.771303
1224.237305 0.000000 584.424133 0.000000 0.005141 0.000000 -0.999987 0.895686 0.895686 0.895686
1220.542480 0.000000 580.838745 0.000000 0.855671 0.000000 0.517520 0.783052 0.783052 0.783052
1220.105591 0.000000 585.879150 0.000000 0.822670 0.000000 0.568520 0.765942 0.765942 0.765942
1221.633545 0.000000 583.429810 0.000000 0.681764 0.000000 -0.731572 0.871787 0.871787 0.871787
"}
