object={
	name="tree_caelid_high_generator_2_0"
	render_pass=Map
	clamp_to_water_level=no
	generated_content=yes
	layer="tree_high_layer"
	pdxmesh="tree_caelid_b_mesh"
	count=188
	transform="1006.009888 0.000000 543.227112 0.000000 0.998066 0.000000 0.062166 0.398416 0.398416 0.398416
1018.515198 0.000000 526.856873 0.000000 0.543943 0.000000 -0.839122 0.430326 0.430326 0.430326
994.384338 0.000000 530.760803 0.000000 0.878518 0.000000 0.477710 0.379111 0.379111 0.379111
995.840942 0.000000 528.836731 0.000000 0.599197 0.000000 -0.800601 0.440325 0.440325 0.440325
1007.105042 0.000000 568.061707 0.000000 0.100665 0.000000 -0.994920 0.442570 0.442570 0.442570
1011.230835 0.000000 569.921997 0.000000 0.737007 0.000000 -0.675885 0.423716 0.423716 0.423716
1010.748840 0.000000 572.437805 0.000000 0.315032 0.000000 0.949081 0.332577 0.332577 0.332577
1008.971924 0.000000 569.725220 0.000000 0.902917 0.000000 -0.429815 0.422627 0.422627 0.422627
943.129089 0.000000 625.602417 0.000000 0.349422 0.000000 -0.936966 0.425455 0.425455 0.425455
1017.981384 0.000000 588.265930 0.000000 0.288482 0.000000 0.957485 0.334904 0.334904 0.334904
1012.335938 0.000000 590.791504 0.000000 0.264219 0.000000 -0.964463 0.460525 0.460525 0.460525
990.769653 0.000000 612.836243 0.000000 0.383986 0.000000 0.923339 0.341834 0.341834 0.341834
1001.569275 0.000000 626.807495 0.000000 0.149800 0.000000 -0.988716 0.436171 0.436171 0.436171
999.441284 0.000000 628.027527 0.000000 0.999782 0.000000 0.020877 0.399041 0.399041 0.399041
948.543030 0.000000 647.890259 0.000000 0.915949 0.000000 -0.401294 0.408041 0.408041 0.408041
946.486084 0.000000 642.557251 0.000000 0.092182 0.000000 -0.995742 0.470131 0.470131 0.470131
950.088745 0.000000 646.013794 0.000000 0.945068 0.000000 0.326873 0.383041 0.383041 0.383041
947.889709 0.000000 645.702087 0.000000 0.986326 0.000000 -0.164809 0.408432 0.408432 0.408432
967.136597 0.000000 645.267212 0.000000 0.997347 0.000000 0.072787 0.396581 0.396581 0.396581
965.818726 0.000000 642.488342 0.000000 0.735938 0.000000 -0.677049 0.433422 0.433422 0.433422
1022.578430 0.000000 640.090820 0.000000 0.507985 0.000000 0.861366 0.359058 0.359058 0.359058
1023.433960 0.000000 667.715454 0.000000 0.144372 0.000000 -0.989524 0.472621 0.472621 0.472621
1176.897583 0.000000 382.017029 0.000000 0.882847 0.000000 -0.469661 0.408056 0.408056 0.408056
1206.653931 0.000000 373.472656 0.000000 0.994892 0.000000 0.100944 0.398435 0.398435 0.398435
1200.542236 0.000000 372.256866 0.000000 0.140126 0.000000 -0.990134 0.455701 0.455701 0.455701
1218.494019 0.000000 383.787354 0.000000 0.694480 0.000000 -0.719512 0.438095 0.438095 0.438095
1098.486206 0.000000 396.940369 0.000000 0.979028 0.000000 -0.203724 0.408298 0.408298 0.408298
1111.019165 0.000000 392.474518 0.000000 0.860992 0.000000 0.508619 0.374424 0.374424 0.374424
1100.827271 0.000000 397.727844 0.000000 0.623856 0.000000 0.781539 0.354310 0.354310 0.354310
1101.518677 0.000000 399.932892 0.000000 0.875267 0.000000 0.483640 0.375299 0.375299 0.375299
1150.438354 0.000000 394.220581 0.000000 0.295301 0.000000 0.955404 0.361287 0.361287 0.361287
1096.773926 0.000000 442.012360 0.000000 0.904423 0.000000 0.426638 0.385475 0.385475 0.385475
1137.473755 0.000000 416.076263 0.000000 0.022929 0.000000 0.999737 0.384543 0.384543 0.384543
1132.234497 0.000000 426.959106 0.000000 0.172069 0.000000 -0.985085 0.420939 0.420939 0.420939
1131.560425 0.000000 440.998230 0.000000 0.915170 0.000000 0.403068 0.393786 0.393786 0.393786
1134.478638 0.000000 416.656738 0.000000 0.947527 0.000000 0.319677 0.391552 0.391552 0.391552
1126.717773 0.000000 440.620270 0.000000 0.110464 0.000000 -0.993880 0.472905 0.472905 0.472905
1138.968872 0.000000 426.129944 0.000000 0.547915 0.000000 -0.836534 0.450467 0.450467 0.450467
1132.851318 0.000000 438.983521 0.000000 0.893335 0.000000 -0.449391 0.423737 0.423737 0.423737
1054.461792 0.000000 458.189331 0.000000 0.789032 0.000000 0.614352 0.376877 0.376877 0.376877
1085.571533 0.000000 450.969574 0.000000 0.942061 0.000000 0.335440 0.390948 0.390948 0.390948
1064.039673 0.000000 449.656464 0.000000 0.621004 0.000000 -0.783807 0.424737 0.424737 0.424737
1067.483276 0.000000 450.430450 0.000000 0.195012 0.000000 -0.980801 0.449415 0.449415 0.449415
1039.105713 0.000000 497.664917 0.000000 0.761170 0.000000 0.648553 0.378506 0.378506 0.378506
1051.574585 0.000000 508.633759 0.000000 0.651021 0.000000 -0.759060 0.433997 0.433997 0.433997
1052.582031 0.000000 503.606903 0.000000 0.992023 0.000000 0.126057 0.393563 0.393563 0.393563
1062.455444 0.000000 507.982666 0.000000 0.936507 0.000000 -0.350648 0.407692 0.407692 0.407692
1086.562744 0.000000 480.168945 0.000000 0.976166 0.000000 -0.217025 0.408083 0.408083 0.408083
1083.566772 0.000000 508.633759 0.000000 0.064062 0.000000 0.997946 0.348091 0.348091 0.348091
1077.344482 0.000000 490.651672 0.000000 0.928318 0.000000 0.371787 0.380599 0.380599 0.380599
1079.666870 0.000000 484.200134 0.000000 0.376950 0.000000 0.926234 0.346780 0.346780 0.346780
1079.861694 0.000000 503.858917 0.000000 0.571777 0.000000 0.820409 0.350999 0.350999 0.350999
1060.372437 0.000000 507.172058 0.000000 0.256442 0.000000 -0.966560 0.466792 0.466792 0.466792
1111.871582 0.000000 458.749084 0.000000 0.665387 0.000000 0.746498 0.398738 0.398738 0.398738
1088.091797 0.000000 464.859161 0.000000 0.994607 0.000000 -0.103717 0.401764 0.401764 0.401764
1111.507568 0.000000 448.493378 0.000000 0.876795 0.000000 0.480865 0.385473 0.385473 0.385473
1103.090088 0.000000 465.680542 0.000000 0.970767 0.000000 -0.240024 0.405688 0.405688 0.405688
1114.491699 0.000000 462.888123 0.000000 0.233620 0.000000 -0.972328 0.443994 0.443994 0.443994
1113.957886 0.000000 460.328400 0.000000 0.999610 0.000000 -0.027922 0.401422 0.401422 0.401422
1098.486206 0.000000 460.909119 0.000000 0.506387 0.000000 -0.862306 0.437901 0.437901 0.437901
1089.863281 0.000000 471.455627 0.000000 0.337040 0.000000 0.941490 0.339346 0.339346 0.339346
1091.817505 0.000000 464.867981 0.000000 0.941817 0.000000 -0.336127 0.417459 0.417459 0.417459
1105.281128 0.000000 460.581696 0.000000 0.443154 0.000000 -0.896446 0.468829 0.468829 0.468829
1149.358398 0.000000 461.073517 0.000000 0.966433 0.000000 -0.256920 0.402854 0.402854 0.402854
1150.807007 0.000000 473.317871 0.000000 0.681704 0.000000 -0.731628 0.425407 0.425407 0.425407
1125.312012 0.000000 460.312714 0.000000 0.912090 0.000000 0.409990 0.379118 0.379118 0.379118
1129.665161 0.000000 458.516907 0.000000 0.746394 0.000000 0.665504 0.362915 0.362915 0.362915
1151.402710 0.000000 475.809204 0.000000 0.774406 0.000000 0.632689 0.369217 0.369217 0.369217
1126.526978 0.000000 458.169281 0.000000 0.897778 0.000000 0.440448 0.376771 0.376771 0.376771
1089.115967 0.000000 494.532196 0.000000 0.061573 0.000000 0.998103 0.324645 0.324645 0.324645
1177.942261 0.000000 396.359650 0.000000 0.261927 0.000000 0.965088 0.335453 0.335453 0.335453
1175.838257 0.000000 407.905792 0.000000 0.682538 0.000000 -0.730850 0.441740 0.441740 0.441740
1159.402222 0.000000 404.136932 0.000000 0.999786 0.000000 0.020685 0.398967 0.398967 0.398967
1165.503052 0.000000 399.932892 0.000000 0.583964 0.000000 -0.811779 0.448240 0.448240 0.448240
1202.384033 0.000000 400.372864 0.000000 0.141674 0.000000 -0.989913 0.415693 0.415693 0.415693
1188.550293 0.000000 388.932495 0.000000 0.125800 0.000000 0.992056 0.379081 0.379081 0.379081
1193.522339 0.000000 402.916840 0.000000 0.134319 0.000000 0.990938 0.369884 0.369884 0.369884
1191.081909 0.000000 389.392212 0.000000 0.058962 0.000000 -0.998260 0.476995 0.476995 0.476995
1193.649536 0.000000 394.548157 0.000000 0.889318 0.000000 0.457290 0.375811 0.375811 0.375811
1186.166870 0.000000 410.516205 0.000000 0.485234 0.000000 0.874384 0.345803 0.345803 0.345803
1190.511353 0.000000 394.200531 0.000000 0.516708 0.000000 -0.856162 0.443621 0.443621 0.443621
1178.158569 0.000000 419.446014 0.000000 0.101240 0.000000 -0.994862 0.441820 0.441820 0.441820
1171.639282 0.000000 435.511017 0.000000 0.667908 0.000000 0.744244 0.379044 0.379044 0.379044
1168.550049 0.000000 436.225616 0.000000 0.985211 0.000000 0.171348 0.394153 0.394153 0.394153
1180.550781 0.000000 439.638153 0.000000 0.932030 0.000000 -0.362381 0.418886 0.418886 0.418886
1168.932861 0.000000 441.787720 0.000000 0.026289 0.000000 -0.999654 0.479432 0.479432 0.479432
1164.843506 0.000000 438.983521 0.000000 0.293001 0.000000 0.956112 0.313526 0.313526 0.313526
1166.050903 0.000000 441.995087 0.000000 0.033139 0.000000 0.999451 0.300191 0.300191 0.300191
1183.899780 0.000000 417.441345 0.000000 0.225913 0.000000 0.974147 0.383907 0.383907 0.383907
1194.498779 0.000000 415.972046 0.000000 0.852813 0.000000 0.522217 0.393416 0.393416 0.393416
1163.459839 0.000000 450.430450 0.000000 0.127051 0.000000 0.991896 0.334416 0.334416 0.334416
1152.369263 0.000000 476.047241 0.000000 0.518105 0.000000 -0.855317 0.452262 0.452262 0.452262
1192.245117 0.000000 456.486633 0.000000 0.979367 0.000000 -0.202090 0.401321 0.401321 0.401321
1199.177490 0.000000 461.906555 0.000000 0.026209 0.000000 0.999656 0.362981 0.362981 0.362981
1184.872070 0.000000 452.509521 0.000000 0.770472 0.000000 0.637474 0.379292 0.379292 0.379292
1190.702148 0.000000 472.604645 0.000000 0.384507 0.000000 0.923122 0.340101 0.340101 0.340101
1196.803833 0.000000 461.696594 0.000000 0.002881 0.000000 0.999996 0.320147 0.320147 0.320147
1182.799194 0.000000 505.302246 0.000000 0.337721 0.000000 -0.941246 0.452046 0.452046 0.452046
1175.003540 0.000000 488.427643 0.000000 0.423508 0.000000 -0.905892 0.457728 0.457728 0.457728
1174.034058 0.000000 486.091919 0.000000 0.650319 0.000000 -0.759661 0.443080 0.443080 0.443080
1180.550781 0.000000 503.606903 0.000000 0.808948 0.000000 -0.587881 0.432006 0.432006 0.432006
1183.826782 0.000000 492.200806 0.000000 0.244999 0.000000 0.969523 0.379518 0.379518 0.379518
1194.462769 0.000000 492.893494 0.000000 0.859731 0.000000 -0.510747 0.426498 0.426498 0.426498
1202.702026 0.000000 508.469025 0.000000 0.997326 0.000000 0.073078 0.396348 0.396348 0.396348
1054.754028 0.000000 516.883118 0.000000 0.285883 0.000000 0.958265 0.334766 0.334766 0.334766
1063.929565 0.000000 542.811279 0.000000 0.126783 0.000000 -0.991930 0.467759 0.467759 0.467759
1065.680786 0.000000 522.485657 0.000000 0.999255 0.000000 -0.038584 0.401966 0.401966 0.401966
1048.627441 0.000000 550.472229 0.000000 0.316662 0.000000 0.948539 0.375063 0.375063 0.375063
1031.852051 0.000000 557.023926 0.000000 0.213860 0.000000 0.976864 0.374285 0.374285 0.374285
1030.550415 0.000000 554.122437 0.000000 0.859640 0.000000 -0.510900 0.427310 0.427310 0.427310
1024.922852 0.000000 554.019897 0.000000 0.807981 0.000000 0.589209 0.367910 0.367910 0.367910
1043.866333 0.000000 549.748962 0.000000 0.946712 0.000000 -0.322081 0.416701 0.416701 0.416701
1067.106445 0.000000 550.891113 0.000000 0.988341 0.000000 0.152260 0.394581 0.394581 0.394581
1059.156372 0.000000 551.182983 0.000000 0.611867 0.000000 -0.790961 0.446467 0.446467 0.446467
1067.887207 0.000000 548.693481 0.000000 0.694627 0.000000 -0.719370 0.440891 0.440891 0.440891
1112.913208 0.000000 573.923279 0.000000 0.278421 0.000000 -0.960459 0.421233 0.421233 0.421233
1101.986450 0.000000 575.211487 0.000000 0.529030 0.000000 0.848603 0.376725 0.376725 0.376725
1133.209473 0.000000 564.631470 0.000000 0.839684 0.000000 -0.543075 0.405446 0.405446 0.405446
1139.647095 0.000000 563.448547 0.000000 0.832283 0.000000 -0.554350 0.418190 0.418190 0.418190
1132.428345 0.000000 562.094543 0.000000 0.907907 0.000000 0.419171 0.383370 0.383370 0.383370
1122.182495 0.000000 570.438110 0.000000 0.374635 0.000000 0.927172 0.347853 0.347853 0.347853
1041.510620 0.000000 581.288391 0.000000 0.954897 0.000000 -0.296936 0.407527 0.407527 0.407527
1044.466187 0.000000 576.752380 0.000000 0.779421 0.000000 0.626500 0.374307 0.374307 0.374307
1033.688599 0.000000 586.454407 0.000000 0.992101 0.000000 0.125441 0.394850 0.394850 0.394850
1030.550415 0.000000 586.106812 0.000000 0.754587 0.000000 -0.656200 0.433595 0.433595 0.433595
1040.097046 0.000000 578.738953 0.000000 0.839428 0.000000 0.543471 0.372459 0.372459 0.372459
1069.994263 0.000000 607.195862 0.000000 0.478009 0.000000 -0.878355 0.428380 0.428380 0.428380
1072.573486 0.000000 596.147522 0.000000 0.299064 0.000000 0.954233 0.361407 0.361407 0.361407
1086.822632 0.000000 601.255371 0.000000 0.464524 0.000000 -0.885561 0.437474 0.437474 0.437474
1072.867065 0.000000 606.285889 0.000000 0.848542 0.000000 0.529129 0.378563 0.378563 0.378563
1074.733276 0.000000 604.422180 0.000000 0.979328 0.000000 0.202278 0.385457 0.385457 0.385457
1031.540771 0.000000 624.172729 0.000000 0.696927 0.000000 -0.717142 0.423958 0.423958 0.423958
1036.600464 0.000000 635.592163 0.000000 0.999966 0.000000 -0.008276 0.400318 0.400318 0.400318
1036.451782 0.000000 626.063293 0.000000 0.722252 0.000000 0.691630 0.361484 0.361484 0.361484
1029.335449 0.000000 620.234619 0.000000 0.988070 0.000000 0.154003 0.393129 0.393129 0.393129
1025.131592 0.000000 622.469727 0.000000 0.911473 0.000000 -0.411359 0.416299 0.416299 0.416299
1036.874756 0.000000 630.889771 0.000000 0.433157 0.000000 0.901319 0.342255 0.342255 0.342255
1066.530029 0.000000 607.878296 0.000000 0.698270 0.000000 -0.715834 0.408764 0.408764 0.408764
1068.250122 0.000000 618.865356 0.000000 0.793129 0.000000 0.609054 0.390518 0.390518 0.390518
1075.215210 0.000000 633.890747 0.000000 0.183276 0.000000 0.983061 0.364001 0.364001 0.364001
1081.327881 0.000000 634.979065 0.000000 0.497105 0.000000 0.867690 0.362233 0.362233 0.362233
1077.045166 0.000000 631.614319 0.000000 0.995549 0.000000 -0.094242 0.403534 0.403534 0.403534
1066.494019 0.000000 620.830994 0.000000 0.729954 0.000000 0.683497 0.364679 0.364679 0.364679
1117.366211 0.000000 589.011047 0.000000 0.131942 0.000000 -0.991257 0.415083 0.415083 0.415083
1090.525269 0.000000 607.677979 0.000000 0.895382 0.000000 0.445298 0.376496 0.376496 0.376496
1116.883301 0.000000 591.708557 0.000000 0.983971 0.000000 0.178327 0.390869 0.390869 0.390869
1089.863281 0.000000 599.393127 0.000000 0.170157 0.000000 0.985417 0.331504 0.331504 0.331504
1138.439209 0.000000 578.588501 0.000000 0.998751 0.000000 -0.049970 0.402022 0.402022 0.402022
1133.510864 0.000000 591.839111 0.000000 0.352891 0.000000 -0.935664 0.461632 0.461632 0.461632
1108.450562 0.000000 608.736755 0.000000 0.232599 0.000000 0.972573 0.351302 0.351302 0.351302
1093.319824 0.000000 620.234619 0.000000 0.749396 0.000000 -0.662122 0.434687 0.434687 0.434687
1091.817505 0.000000 624.789856 0.000000 0.808460 0.000000 -0.588551 0.432048 0.432048 0.432048
1142.198364 0.000000 636.806885 0.000000 0.072405 0.000000 -0.997375 0.454613 0.454613 0.454613
1203.631470 0.000000 531.464172 0.000000 0.936160 0.000000 -0.351574 0.410763 0.410763 0.410763
1186.391602 0.000000 523.909180 0.000000 0.090773 0.000000 0.995872 0.329063 0.329063 0.329063
1206.995728 0.000000 520.411987 0.000000 0.480914 0.000000 0.876768 0.345551 0.345551 0.345551
1216.060547 0.000000 528.827881 0.000000 0.748021 0.000000 0.663675 0.388404 0.388404 0.388404
1024.000977 0.000000 665.239319 0.000000 0.979623 0.000000 -0.200846 0.404847 0.404847 0.404847
1034.501831 0.000000 652.815369 0.000000 0.999936 0.000000 -0.011296 0.400575 0.400575 0.400575
1036.842896 0.000000 653.602844 0.000000 0.328785 0.000000 0.944405 0.343233 0.343233 0.343233
1049.683105 0.000000 660.535095 0.000000 0.955759 0.000000 0.294152 0.385241 0.385241 0.385241
1040.964111 0.000000 665.678345 0.000000 0.976507 0.000000 -0.215486 0.412580 0.412580 0.412580
1038.082153 0.000000 665.885742 0.000000 0.722723 0.000000 -0.691138 0.451817 0.451817 0.451817
1055.993164 0.000000 665.239319 0.000000 0.127696 0.000000 0.991813 0.374787 0.374787 0.374787
1067.106445 0.000000 646.844238 0.000000 0.575948 0.000000 -0.817487 0.425326 0.425326 0.425326
1031.937378 0.000000 702.733154 0.000000 0.934374 0.000000 0.356293 0.385630 0.385630 0.385630
1084.944824 0.000000 678.433533 0.000000 0.362938 0.000000 -0.931813 0.410779 0.410779 0.410779
1056.099609 0.000000 688.749756 0.000000 0.486762 0.000000 -0.873535 0.419097 0.419097 0.419097
1071.208740 0.000000 685.797180 0.000000 0.997945 0.000000 -0.064072 0.401441 0.401441 0.401441
1083.425537 0.000000 681.933289 0.000000 0.064290 0.000000 -0.997931 0.445131 0.445131 0.445131
1081.965698 0.000000 684.219055 0.000000 0.195347 0.000000 0.980734 0.352656 0.352656 0.352656
1070.526978 0.000000 683.484497 0.000000 0.958702 0.000000 0.284413 0.385312 0.385312 0.385312
1101.217285 0.000000 660.584595 0.000000 0.374226 0.000000 -0.927337 0.412449 0.412449 0.412449
1110.801514 0.000000 654.826111 0.000000 0.463191 0.000000 -0.886259 0.420666 0.420666 0.420666
1098.486206 0.000000 652.815369 0.000000 0.679762 0.000000 -0.733433 0.439056 0.439056 0.439056
1111.853882 0.000000 663.780823 0.000000 0.251513 0.000000 0.967854 0.332949 0.332949 0.332949
1101.518677 0.000000 655.807861 0.000000 0.969041 0.000000 0.246902 0.385052 0.385052 0.385052
1150.547119 0.000000 672.075195 0.000000 0.855220 0.000000 0.518265 0.376605 0.376605 0.376605
1125.656982 0.000000 679.382935 0.000000 0.963444 0.000000 0.267910 0.390791 0.390791 0.390791
1120.899414 0.000000 681.957397 0.000000 0.891521 0.000000 -0.452980 0.420656 0.420656 0.420656
1043.670532 0.000000 723.370422 0.000000 0.997385 0.000000 0.072267 0.397725 0.397725 0.397725
1032.047485 0.000000 705.531494 0.000000 0.737802 0.000000 0.675017 0.373731 0.373731 0.373731
1040.581299 0.000000 724.085022 0.000000 0.990798 0.000000 0.135352 0.396000 0.396000 0.396000
1042.462646 0.000000 706.526001 0.000000 0.086876 0.000000 -0.996219 0.459270 0.459270 0.459270
1025.131592 0.000000 718.422852 0.000000 0.716949 0.000000 0.697125 0.365721 0.365721 0.365721
1171.681519 0.000000 684.459595 0.000000 0.959900 0.000000 0.280343 0.392764 0.392764 0.392764
1173.321045 0.000000 682.557922 0.000000 0.720029 0.000000 0.693944 0.360939 0.360939 0.360939
1168.065796 0.000000 674.692078 0.000000 0.974241 0.000000 0.225507 0.388415 0.388415 0.388415
"}
