object={
	name="tree_dragonbarrow_high_generator_1_0"
	render_pass=Map
	clamp_to_water_level=no
	generated_content=yes
	layer="tree_high_layer"
	pdxmesh="tree_dragonbarrow_a_mesh"
	count=170
	transform="1257.633911 0.000000 394.548157 0.000000 0.741965 0.000000 -0.670439 0.886587 0.886587 0.886587
1223.805176 0.000000 557.023926 0.000000 0.836123 0.000000 -0.548542 0.830151 0.830151 0.830151
1229.487427 0.000000 559.854736 0.000000 0.467786 0.000000 0.883842 0.605147 0.605147 0.605147
1225.176514 0.000000 558.651184 0.000000 0.993213 0.000000 0.116309 0.779046 0.779046 0.779046
1224.390503 0.000000 572.385437 0.000000 0.064313 0.000000 -0.997930 1.079811 1.079811 1.079811
1154.399414 0.000000 619.862305 0.000000 0.997546 0.000000 -0.070014 0.808957 0.808957 0.808957
1161.657349 0.000000 618.438782 0.000000 0.899153 0.000000 -0.437635 0.854281 0.854281 0.854281
1178.772705 0.000000 615.592346 0.000000 0.994018 0.000000 -0.109217 0.813551 0.813551 0.813551
1171.835083 0.000000 613.717712 0.000000 0.915599 0.000000 -0.402093 0.872729 0.872729 0.872729
1177.243652 0.000000 617.064392 0.000000 0.717722 0.000000 0.696330 0.644620 0.644620 0.644620
1166.764404 0.000000 627.483948 0.000000 0.923732 0.000000 0.383040 0.721492 0.721492 0.721492
1211.394287 0.000000 617.964539 0.000000 0.342867 0.000000 -0.939384 0.890217 0.890217 0.890217
1200.542236 0.000000 628.131897 0.000000 0.977331 0.000000 0.211718 0.783383 0.783383 0.783383
1189.296387 0.000000 620.234619 0.000000 0.294166 0.000000 -0.955754 0.980405 0.980405 0.980405
1207.635620 0.000000 612.137634 0.000000 0.992290 0.000000 0.123939 0.783124 0.783124 0.783124
1206.995728 0.000000 616.365112 0.000000 0.134418 0.000000 -0.990925 0.986418 0.986418 0.986418
1196.835693 0.000000 630.889771 0.000000 0.118565 0.000000 -0.992946 1.008792 1.008792 1.008792
1199.071899 0.000000 629.794312 0.000000 0.506225 0.000000 0.862402 0.588134 0.588134 0.588134
1215.502197 0.000000 631.122253 0.000000 0.689030 0.000000 0.724733 0.672095 0.672095 0.672095
1200.251709 0.000000 623.828064 0.000000 0.826933 0.000000 0.562300 0.686695 0.686695 0.686695
1195.213989 0.000000 627.967224 0.000000 0.846995 0.000000 -0.531601 0.914182 0.914182 0.914182
1212.759644 0.000000 616.597473 0.000000 0.993165 0.000000 -0.116719 0.821028 0.821028 0.821028
1212.886963 0.000000 619.169556 0.000000 0.594128 0.000000 0.804371 0.609602 0.609602 0.609602
1242.460449 0.000000 590.825623 0.000000 0.804806 0.000000 -0.593538 0.846958 0.846958 0.846958
1232.828003 0.000000 606.285889 0.000000 0.996213 0.000000 -0.086950 0.807998 0.807998 0.807998
1247.379272 0.000000 603.746704 0.000000 0.993946 0.000000 -0.109867 0.814072 0.814072 0.814072
1245.292358 0.000000 603.492493 0.000000 0.890846 0.000000 0.454305 0.703928 0.703928 0.703928
1243.589355 0.000000 593.359375 0.000000 0.312960 0.000000 0.949766 0.544845 0.544845 0.544845
1242.695312 0.000000 606.744385 0.000000 0.995447 0.000000 -0.095318 0.819066 0.819066 0.819066
1244.751831 0.000000 584.613098 0.000000 0.730799 0.000000 -0.682592 0.953054 0.953054 0.953054
1241.127563 0.000000 607.698608 0.000000 0.876154 0.000000 -0.482032 0.949679 0.949679 0.949679
1257.633911 0.000000 586.454407 0.000000 0.906591 0.000000 -0.422010 0.862649 0.862649 0.862649
1254.495728 0.000000 586.106812 0.000000 0.989722 0.000000 0.143003 0.781085 0.781085 0.781085
1273.628418 0.000000 596.566345 0.000000 0.409716 0.000000 0.912213 0.595822 0.595822 0.595822
1260.820068 0.000000 598.905396 0.000000 0.235926 0.000000 0.971771 0.549812 0.549812 0.549812
1277.284546 0.000000 603.492493 0.000000 0.994462 0.000000 0.105095 0.778551 0.778551 0.778551
1266.337891 0.000000 590.234253 0.000000 0.949992 0.000000 0.312274 0.735302 0.735302 0.735302
1234.302734 0.000000 630.655945 0.000000 0.216007 0.000000 0.976392 0.783786 0.783786 0.783786
1238.770264 0.000000 622.841736 0.000000 0.118822 0.000000 -0.992916 0.866686 0.866686 0.866686
1239.822632 0.000000 631.796448 0.000000 0.866860 0.000000 -0.498552 0.882351 0.882351 0.882351
1244.535156 0.000000 631.544434 0.000000 0.983858 0.000000 -0.178953 0.830185 0.830185 0.830185
1236.408813 0.000000 624.914673 0.000000 0.706364 0.000000 0.707849 0.639786 0.639786 0.639786
1241.310669 0.000000 609.427551 0.000000 0.967816 0.000000 -0.251659 0.851825 0.851825 0.851825
1230.058228 0.000000 637.042419 0.000000 0.880695 0.000000 0.473685 0.699471 0.699471 0.699471
1248.683716 0.000000 629.203064 0.000000 0.606503 0.000000 -0.795081 0.807343 0.807343 0.807343
1278.775757 0.000000 633.239746 0.000000 0.870463 0.000000 -0.492234 0.841115 0.841115 0.841115
1268.998291 0.000000 631.614319 0.000000 0.804634 0.000000 -0.593771 0.876183 0.876183 0.876183
1254.495728 0.000000 618.091187 0.000000 0.607892 0.000000 0.794020 0.646091 0.646091 0.646091
1276.527344 0.000000 631.544434 0.000000 0.999414 0.000000 0.034241 0.795896 0.795896 0.795896
1274.749268 0.000000 615.592346 0.000000 0.917861 0.000000 -0.396901 0.871733 0.871733 0.871733
1253.723999 0.000000 630.524109 0.000000 0.999478 0.000000 -0.032320 0.805681 0.805681 0.805681
1262.027466 0.000000 633.901367 0.000000 0.846602 0.000000 -0.532227 0.899761 0.899761 0.899761
1278.700073 0.000000 622.649292 0.000000 0.968443 0.000000 0.249236 0.748685 0.748685 0.748685
1273.947510 0.000000 632.969543 0.000000 0.685076 0.000000 0.728472 0.532693 0.532693 0.532693
1271.509277 0.000000 635.464417 0.000000 0.148814 0.000000 -0.988865 1.089571 1.089571 1.089571
1272.330933 0.000000 633.474976 0.000000 0.547516 0.000000 0.836795 0.475269 0.475269 0.475269
1179.064331 0.000000 645.318542 0.000000 0.571841 0.000000 0.820364 0.615542 0.615542 0.615542
1179.969727 0.000000 643.783569 0.000000 0.693217 0.000000 -0.720729 0.963963 0.963963 0.963963
1204.427124 0.000000 640.721130 0.000000 0.408012 0.000000 0.912977 0.705788 0.705788 0.705788
1185.353638 0.000000 642.620850 0.000000 0.217735 0.000000 0.976008 0.524715 0.524715 0.524715
1233.249878 0.000000 652.487976 0.000000 0.535679 0.000000 -0.844422 0.934549 0.934549 0.934549
1217.345825 0.000000 642.620850 0.000000 0.483373 0.000000 -0.875415 1.017223 1.017223 1.017223
1229.367554 0.000000 645.630920 0.000000 0.988650 0.000000 0.150235 0.769278 0.769278 0.769278
1261.878784 0.000000 643.517334 0.000000 0.505347 0.000000 0.862916 0.793763 0.793763 0.793763
1268.464844 0.000000 647.890259 0.000000 0.828030 0.000000 0.560685 0.767903 0.767903 0.767903
1266.407959 0.000000 642.557251 0.000000 0.952978 0.000000 0.303038 0.768025 0.768025 0.768025
1272.643921 0.000000 656.025635 0.000000 0.714452 0.000000 -0.699685 0.956325 0.956325 0.956325
1263.233643 0.000000 645.390808 0.000000 0.072882 0.000000 -0.997341 1.105139 1.105139 1.105139
1259.198364 0.000000 659.951599 0.000000 0.729836 0.000000 0.683623 0.646658 0.646658 0.646658
1283.815796 0.000000 629.443542 0.000000 0.970697 0.000000 -0.240308 0.820842 0.820842 0.820842
1281.069092 0.000000 622.469727 0.000000 0.998565 0.000000 0.053550 0.793580 0.793580 0.793580
1288.374878 0.000000 636.354187 0.000000 0.496959 0.000000 -0.867774 1.014048 1.014048 1.014048
1279.791870 0.000000 630.914734 0.000000 0.993229 0.000000 -0.116171 0.830231 0.830231 0.830231
1279.705078 0.000000 659.082764 0.000000 0.064412 0.000000 0.997923 0.574361 0.574361 0.574361
1290.571411 0.000000 666.853760 0.000000 0.592305 0.000000 0.805714 0.629723 0.629723 0.629723
1281.896118 0.000000 656.191223 0.000000 0.999217 0.000000 0.039561 0.792571 0.792571 0.792571
1315.807983 0.000000 661.427917 0.000000 0.864030 0.000000 0.503440 0.761013 0.761013 0.761013
1311.731323 0.000000 670.215881 0.000000 0.904188 0.000000 -0.427136 0.845834 0.845834 0.845834
1311.697266 0.000000 659.082764 0.000000 0.757432 0.000000 -0.652914 0.890937 0.890937 0.890937
1317.708374 0.000000 662.508484 0.000000 0.294863 0.000000 -0.955540 1.059025 1.059025 1.059025
1329.440308 0.000000 677.241516 0.000000 0.398046 0.000000 0.917366 0.737370 0.737370 0.737370
1324.381470 0.000000 690.032043 0.000000 0.999019 0.000000 0.044278 0.795577 0.795577 0.795577
1329.823364 0.000000 679.943604 0.000000 0.992602 0.000000 0.121417 0.782011 0.782011 0.782011
1334.964478 0.000000 680.333862 0.000000 0.233461 0.000000 0.972366 0.650669 0.650669 0.650669
1317.732788 0.000000 674.472717 0.000000 0.750020 0.000000 0.661415 0.677310 0.677310 0.677310
1317.982178 0.000000 686.484253 0.000000 0.925360 0.000000 -0.379090 0.868337 0.868337 0.868337
1326.011841 0.000000 697.870117 0.000000 0.300993 0.000000 -0.953626 1.027397 1.027397 1.027397
1313.766357 0.000000 672.296753 0.000000 0.473074 0.000000 0.881023 0.612684 0.612684 0.612684
1340.728394 0.000000 680.566223 0.000000 0.395134 0.000000 -0.918623 1.018639 1.018639 1.018639
1319.701782 0.000000 675.447327 0.000000 0.783137 0.000000 -0.621849 0.997031 0.997031 0.997031
1373.944458 0.000000 702.024841 0.000000 0.762055 0.000000 0.647513 0.776086 0.776086 0.776086
1370.006348 0.000000 694.825500 0.000000 0.236434 0.000000 0.971648 0.722845 0.722845 0.722845
1374.752319 0.000000 697.208496 0.000000 0.758349 0.000000 -0.651848 0.870904 0.870904 0.870904
1375.348022 0.000000 699.699829 0.000000 0.987380 0.000000 0.158369 0.778083 0.778083 0.778083
1367.791382 0.000000 695.765198 0.000000 0.602897 0.000000 0.797819 0.689313 0.689313 0.689313
1357.456177 0.000000 687.792236 0.000000 0.835346 0.000000 -0.549724 0.888347 0.888347 0.888347
1368.620483 0.000000 688.010010 0.000000 0.053923 0.000000 -0.998545 1.109010 1.109010 1.109010
1364.517212 0.000000 699.445068 0.000000 0.997709 0.000000 -0.067645 0.811222 0.811222 0.811222
1353.046875 0.000000 692.845520 0.000000 0.941832 0.000000 -0.336083 0.867087 0.867087 0.867087
1368.384277 0.000000 693.918762 0.000000 0.716795 0.000000 0.697284 0.642811 0.642811 0.642811
1361.125000 0.000000 699.511475 0.000000 0.279671 0.000000 -0.960096 1.111107 1.111107 1.111107
1363.285889 0.000000 696.014587 0.000000 0.901415 0.000000 -0.432957 0.910894 0.910894 0.910894
1379.944458 0.000000 696.599609 0.000000 0.109349 0.000000 -0.994003 0.870042 0.870042 0.870042
1375.715698 0.000000 702.200256 0.000000 0.981721 0.000000 -0.190328 0.814151 0.814151 0.814151
1380.294312 0.000000 699.078308 0.000000 0.971905 0.000000 0.235374 0.757291 0.757291 0.757291
1339.629639 0.000000 705.933105 0.000000 0.071351 0.000000 0.997451 0.521500 0.521500 0.521500
1302.630493 0.000000 757.285156 0.000000 0.485721 0.000000 -0.874114 0.842486 0.842486 0.842486
1294.042603 0.000000 764.979919 0.000000 0.956651 0.000000 0.291237 0.743929 0.743929 0.743929
1304.399902 0.000000 757.887512 0.000000 0.980601 0.000000 0.196014 0.759808 0.759808 0.759808
1338.437012 0.000000 750.747498 0.000000 0.389754 0.000000 0.920919 0.704157 0.704157 0.704157
1336.628296 0.000000 751.978760 0.000000 0.080916 0.000000 -0.996721 1.041013 1.041013 1.041013
1317.708374 0.000000 758.461609 0.000000 0.153568 0.000000 0.988138 0.565166 0.565166 0.565166
1341.268921 0.000000 763.414368 0.000000 0.731823 0.000000 0.681495 0.677202 0.677202 0.677202
1339.565918 0.000000 753.281250 0.000000 0.980079 0.000000 0.198609 0.760467 0.760467 0.760467
1336.392090 0.000000 757.887512 0.000000 0.721159 0.000000 -0.692770 0.955910 0.955910 0.955910
1373.501221 0.000000 706.844543 0.000000 0.989868 0.000000 0.141990 0.791463 0.791463 0.791463
1354.423706 0.000000 716.784119 0.000000 0.374894 0.000000 -0.927068 0.913748 0.913748 0.913748
1347.086060 0.000000 711.104858 0.000000 0.465119 0.000000 0.885248 0.671908 0.671908 0.671908
1371.017456 0.000000 709.287292 0.000000 0.686542 0.000000 0.727090 0.656921 0.656921 0.656921
1357.154785 0.000000 756.537720 0.000000 0.939926 0.000000 0.341379 0.790955 0.790955 0.790955
1355.036133 0.000000 742.797363 0.000000 0.521392 0.000000 -0.853317 0.893923 0.893923 0.893923
1348.302124 0.000000 763.047058 0.000000 0.585613 0.000000 -0.810591 0.954792 0.954792 0.954792
1358.004028 0.000000 761.838867 0.000000 0.772765 0.000000 -0.634692 0.911239 0.911239 0.911239
1353.444946 0.000000 752.699219 0.000000 0.975364 0.000000 -0.220600 0.839982 0.839982 0.839982
1362.314453 0.000000 750.156128 0.000000 0.053423 0.000000 -0.998572 1.109112 1.109112 1.109112
1355.174927 0.000000 755.904724 0.000000 0.983633 0.000000 -0.180183 0.836908 0.836908 0.836908
1345.880493 0.000000 752.144348 0.000000 0.371254 0.000000 -0.928531 1.033003 1.033003 1.033003
1278.407104 0.000000 810.017456 0.000000 0.987607 0.000000 -0.156945 0.813849 0.813849 0.813849
1287.907104 0.000000 790.298096 0.000000 0.585269 0.000000 -0.810839 0.818886 0.818886 0.818886
1300.457031 0.000000 775.827759 0.000000 0.810848 0.000000 -0.585257 0.827471 0.827471 0.827471
1295.043213 0.000000 785.524292 0.000000 0.657040 0.000000 0.753856 0.750542 0.750542 0.750542
1309.516846 0.000000 770.813293 0.000000 0.994773 0.000000 -0.102109 0.806946 0.806946 0.806946
1306.127319 0.000000 771.274170 0.000000 0.791683 0.000000 -0.610932 0.852506 0.852506 0.852506
1302.293823 0.000000 785.814636 0.000000 0.999953 0.000000 0.009668 0.799092 0.799092 0.799092
1287.874878 0.000000 798.686279 0.000000 0.596649 0.000000 -0.802502 0.911623 0.911623 0.911623
1306.741455 0.000000 775.514221 0.000000 0.073643 0.000000 -0.997285 0.985382 0.985382 0.985382
1295.225830 0.000000 773.328308 0.000000 0.811877 0.000000 0.583829 0.674240 0.674240 0.674240
1289.573120 0.000000 791.787720 0.000000 0.431728 0.000000 -0.902004 1.022322 1.022322 1.022322
1307.033081 0.000000 773.256042 0.000000 0.167030 0.000000 0.985952 0.514187 0.514187 0.514187
1296.018311 0.000000 775.323608 0.000000 0.879841 0.000000 -0.475267 0.899906 0.899906 0.899906
1301.586914 0.000000 787.658813 0.000000 0.006307 0.000000 -0.999980 1.118715 1.118715 1.118715
1321.499878 0.000000 772.134155 0.000000 0.018388 0.000000 0.999831 0.722487 0.722487 0.722487
1313.808594 0.000000 791.299377 0.000000 0.246055 0.000000 0.969256 0.599305 0.599305 0.599305
1320.867920 0.000000 774.276062 0.000000 0.842883 0.000000 -0.538096 0.915748 0.915748 0.915748
1341.268921 0.000000 795.398743 0.000000 0.398665 0.000000 -0.917097 1.126876 1.126876 1.126876
1279.803345 0.000000 812.044556 0.000000 0.992442 0.000000 -0.122715 0.804423 0.804423 0.804423
1299.160522 0.000000 825.796997 0.000000 0.674512 0.000000 -0.738264 0.869665 0.869665 0.869665
1291.051758 0.000000 806.766113 0.000000 0.351393 0.000000 -0.936228 0.882284 0.882284 0.882284
1282.368164 0.000000 811.768555 0.000000 0.066564 0.000000 -0.997782 0.974244 0.974244 0.974244
1289.626099 0.000000 810.345032 0.000000 0.576371 0.000000 0.817188 0.670093 0.670093 0.670093
1280.860352 0.000000 809.894897 0.000000 0.991038 0.000000 0.133582 0.783944 0.783944 0.783944
1296.901611 0.000000 825.600220 0.000000 0.583760 0.000000 0.811926 0.652403 0.652403 0.652403
1290.078247 0.000000 808.527710 0.000000 0.095669 0.000000 0.995413 0.514249 0.514249 0.514249
1297.140625 0.000000 827.448975 0.000000 0.221143 0.000000 0.975241 0.361221 0.361221 0.361221
1332.395874 0.000000 800.643005 0.000000 0.174914 0.000000 -0.984584 0.914230 0.914230 0.914230
1321.618286 0.000000 810.345032 0.000000 0.512818 0.000000 0.858497 0.651549 0.651549 0.651549
1319.363159 0.000000 819.933777 0.000000 0.225374 0.000000 0.974272 0.630957 0.630957 0.630957
1326.492432 0.000000 809.312866 0.000000 0.980893 0.000000 0.194549 0.760112 0.760112 0.760112
1328.010498 0.000000 807.307983 0.000000 0.426328 0.000000 0.904569 0.533602 0.533602 0.533602
1321.054688 0.000000 820.783020 0.000000 0.519808 0.000000 -0.854283 1.008642 1.008642 1.008642
1354.459717 0.000000 767.800171 0.000000 0.345334 0.000000 -0.938480 0.836496 0.836496 0.836496
1347.800171 0.000000 789.365417 0.000000 0.964845 0.000000 0.262820 0.777692 0.777692 0.777692
1343.723511 0.000000 798.153381 0.000000 0.649768 0.000000 -0.760132 0.886232 0.886232 0.886232
1354.702881 0.000000 789.930481 0.000000 0.603014 0.000000 0.797730 0.694864 0.694864 0.694864
1347.086060 0.000000 775.073608 0.000000 0.088874 0.000000 -0.996043 0.968693 0.968693 0.968693
1348.302124 0.000000 795.031433 0.000000 0.999209 0.000000 0.039767 0.793009 0.793009 0.793009
1352.860107 0.000000 774.276062 0.000000 0.303123 0.000000 -0.952951 0.999251 0.999251 0.999251
1355.174927 0.000000 787.889099 0.000000 0.649066 0.000000 -0.760732 0.976102 0.976102 0.976102
1356.401245 0.000000 768.454285 0.000000 0.878335 0.000000 0.478045 0.706425 0.706425 0.706425
1346.667847 0.000000 773.208313 0.000000 0.675363 0.000000 0.737486 0.631048 0.631048 0.631048
"}
