object={
	name="tree_sellia_high_generator_2_0"
	render_pass=Map
	clamp_to_water_level=no
	generated_content=yes
	layer="tree_high_layer"
	pdxmesh="tree_sellia_b_mesh"
	count=18
	transform="1174.536865 0.000000 537.971008 0.000000 0.488470 0.000000 0.872581 0.386763 0.386763 0.386763
1168.550049 0.000000 532.178772 0.000000 0.667929 0.000000 0.744225 0.369824 0.369824 0.369824
1164.420532 0.000000 530.110168 0.000000 0.257813 0.000000 0.966195 0.339821 0.339821 0.339821
1186.166870 0.000000 538.453735 0.000000 0.976826 0.000000 -0.214037 0.408724 0.408724 0.408724
1190.702148 0.000000 536.573425 0.000000 0.126516 0.000000 -0.991965 0.467051 0.467051 0.467051
1204.480469 0.000000 551.937134 0.000000 0.988082 0.000000 0.153931 0.396528 0.396528 0.396528
1209.296631 0.000000 571.010315 0.000000 0.397773 0.000000 0.917484 0.357076 0.357076 0.357076
1206.182739 0.000000 572.838135 0.000000 0.859733 0.000000 0.510744 0.377249 0.377249 0.377249
1187.794067 0.000000 560.821106 0.000000 0.001644 0.000000 -0.999999 0.466597 0.466597 0.466597
1182.430542 0.000000 586.126831 0.000000 0.870698 0.000000 0.491819 0.381258 0.381258 0.381258
1180.867676 0.000000 591.708557 0.000000 0.614442 0.000000 0.788962 0.353699 0.353699 0.353699
1172.296875 0.000000 590.791504 0.000000 0.034054 0.000000 0.999420 0.300250 0.300250 0.300250
1183.826782 0.000000 588.153931 0.000000 0.943518 0.000000 -0.331321 0.405396 0.405396 0.405396
1205.013916 0.000000 599.629944 0.000000 0.958680 0.000000 -0.284488 0.412387 0.412387 0.412387
1207.830444 0.000000 599.812073 0.000000 0.292521 0.000000 0.956259 0.335755 0.335755 0.335755
1204.289062 0.000000 590.791504 0.000000 0.443776 0.000000 0.896138 0.343418 0.343418 0.343418
1209.644043 0.000000 596.566345 0.000000 0.432991 0.000000 0.901398 0.342807 0.342807 0.342807
1219.117310 0.000000 583.167358 0.000000 0.851993 0.000000 -0.523553 0.428063 0.428063 0.428063
"}
