object={
	name="tree_caelid_single_generator_1_0"
	render_pass=Map
	clamp_to_water_level=no
	generated_content=yes
	layer="tree_high_layer"
	pdxmesh="tree_caelid_single_a_mesh"
	count=649
	transform="1009.210999 0.000000 571.573975 0.000000 0.698204 0.000000 -0.715899 0.789243 0.789243 0.789243
1010.488220 0.000000 571.073914 0.000000 0.983729 0.000000 0.179660 0.667800 0.667800 0.667800
1014.466614 0.000000 588.649658 0.000000 0.233831 0.000000 0.972277 0.464403 0.464403 0.464403
1016.026062 0.000000 588.292908 0.000000 0.109997 0.000000 0.993932 0.470277 0.470277 0.470277
1019.582397 0.000000 636.571289 0.000000 0.406151 0.000000 0.913806 0.581163 0.581163 0.581163
1023.433960 0.000000 635.731079 0.000000 0.430935 0.000000 -0.902383 0.755062 0.755062 0.755062
1021.347107 0.000000 635.476868 0.000000 0.999779 0.000000 -0.021034 0.702426 0.702426 0.702426
1021.058777 0.000000 636.947632 0.000000 0.987272 0.000000 -0.159040 0.729029 0.729029 0.729029
1023.047058 0.000000 639.054199 0.000000 0.802101 0.000000 -0.597189 0.830857 0.830857 0.830857
1022.389771 0.000000 657.758301 0.000000 0.992193 0.000000 0.124711 0.684923 0.684923 0.684923
1022.909790 0.000000 659.754639 0.000000 0.751257 0.000000 -0.660010 0.779362 0.779362 0.779362
1022.548340 0.000000 656.223755 0.000000 0.576583 0.000000 0.817038 0.584692 0.584692 0.584692
1022.389771 0.000000 721.727051 0.000000 0.997140 0.000000 0.075583 0.692728 0.692728 0.692728
1022.762512 0.000000 718.602417 0.000000 0.501975 0.000000 0.864882 0.603218 0.603218 0.603218
1179.543335 0.000000 380.696259 0.000000 0.939296 0.000000 -0.343109 0.762429 0.762429 0.762429
1178.710938 0.000000 382.853760 0.000000 0.372886 0.000000 -0.927877 0.870340 0.870340 0.870340
1141.328857 0.000000 426.682922 0.000000 0.999506 0.000000 0.031443 0.697582 0.697582 0.697582
1137.273315 0.000000 428.597321 0.000000 0.295191 0.000000 -0.955438 0.817735 0.817735 0.817735
1138.463623 0.000000 427.620392 0.000000 0.568338 0.000000 0.822795 0.527751 0.527751 0.527751
1043.670532 0.000000 499.479767 0.000000 0.879347 0.000000 0.476181 0.611532 0.611532 0.611532
1055.426147 0.000000 507.793579 0.000000 0.871393 0.000000 0.490586 0.622936 0.622936 0.622936
1049.683105 0.000000 500.613220 0.000000 0.731849 0.000000 -0.681467 0.749790 0.749790 0.749790
1044.455688 0.000000 496.977173 0.000000 0.851179 0.000000 -0.524876 0.749249 0.749249 0.749249
1053.339233 0.000000 507.539337 0.000000 0.551639 0.000000 0.834083 0.608631 0.608631 0.608631
1050.002197 0.000000 505.032013 0.000000 0.139945 0.000000 0.990159 0.587512 0.587512 0.587512
1051.891479 0.000000 501.638855 0.000000 0.999997 0.000000 0.002521 0.699749 0.699749 0.699749
1045.649414 0.000000 499.799469 0.000000 0.998464 0.000000 0.055405 0.692541 0.692541 0.692541
1048.462402 0.000000 502.012512 0.000000 0.894729 0.000000 -0.446609 0.755018 0.755018 0.755018
1044.846436 0.000000 498.481323 0.000000 0.665972 0.000000 0.745976 0.586697 0.586697 0.586697
1043.222778 0.000000 498.054077 0.000000 0.930964 0.000000 -0.365111 0.766623 0.766623 0.766623
1054.535889 0.000000 506.717377 0.000000 0.110491 0.000000 0.993877 0.480561 0.480561 0.480561
1054.980957 0.000000 509.098175 0.000000 0.796111 0.000000 0.605151 0.584143 0.584143 0.584143
1083.266357 0.000000 480.141815 0.000000 0.191941 0.000000 0.981406 0.625365 0.625365 0.625365
1084.944824 0.000000 486.527283 0.000000 0.148384 0.000000 -0.988930 0.719879 0.719879 0.719879
1085.968018 0.000000 501.664551 0.000000 0.458871 0.000000 -0.888503 0.784127 0.784127 0.784127
1080.921021 0.000000 509.954529 0.000000 0.878087 0.000000 0.478501 0.611061 0.611061 0.611061
1078.809326 0.000000 494.904236 0.000000 0.995830 0.000000 -0.091233 0.707504 0.707504 0.707504
1085.571533 0.000000 482.953949 0.000000 0.585800 0.000000 0.810456 0.531563 0.531563 0.531563
1082.499512 0.000000 494.872498 0.000000 0.308292 0.000000 -0.951292 0.820858 0.820858 0.820858
1086.453979 0.000000 490.173706 0.000000 0.373366 0.000000 0.927684 0.444601 0.444601 0.444601
1081.327881 0.000000 507.041565 0.000000 0.384773 0.000000 -0.923011 1.026724 1.026724 1.026724
1081.965698 0.000000 492.312775 0.000000 0.152109 0.000000 0.988364 0.427394 0.427394 0.427394
1084.891113 0.000000 495.755432 0.000000 0.967663 0.000000 0.252248 0.671033 0.671033 0.671033
1084.574219 0.000000 503.606903 0.000000 0.999282 0.000000 -0.037887 0.703576 0.703576 0.703576
1081.675293 0.000000 500.613220 0.000000 0.464568 0.000000 0.885537 0.521329 0.521329 0.521329
1086.746216 0.000000 484.898743 0.000000 0.448075 0.000000 -0.893996 0.802457 0.802457 0.802457
1056.392700 0.000000 508.031616 0.000000 0.994418 0.000000 -0.105509 0.707574 0.707574 0.707574
1078.451050 0.000000 492.696533 0.000000 0.354317 0.000000 -0.935125 0.776037 0.776037 0.776037
1087.533447 0.000000 503.184753 0.000000 0.401350 0.000000 -0.915925 0.906383 0.906383 0.906383
1086.746948 0.000000 494.711792 0.000000 0.374630 0.000000 0.927174 0.561040 0.561040 0.561040
1081.267090 0.000000 489.126892 0.000000 0.479688 0.000000 -0.877439 0.832826 0.832826 0.832826
1081.994385 0.000000 505.032013 0.000000 0.545040 0.000000 0.838410 0.522752 0.522752 0.522752
1080.589966 0.000000 493.953033 0.000000 0.054055 0.000000 -0.998538 0.991564 0.991564 0.991564
1084.790894 0.000000 488.659943 0.000000 0.906497 0.000000 -0.422212 0.798265 0.798265 0.798265
1084.918213 0.000000 491.232086 0.000000 0.653494 0.000000 0.756932 0.456922 0.456922 0.456922
1080.454590 0.000000 502.012512 0.000000 0.899255 0.000000 -0.437425 0.764877 0.764877 0.764877
1083.548584 0.000000 493.340668 0.000000 0.810631 0.000000 0.585558 0.615821 0.615821 0.615821
1087.068604 0.000000 491.919464 0.000000 0.974909 0.000000 -0.222602 0.748253 0.748253 0.748253
1079.556152 0.000000 507.526947 0.000000 0.311409 0.000000 -0.950276 0.873143 0.873143 0.873143
1087.331909 0.000000 483.216614 0.000000 0.996467 0.000000 -0.083985 0.711902 0.711902 0.711902
1083.993164 0.000000 483.861694 0.000000 0.429256 0.000000 -0.903183 0.806366 0.806366 0.806366
1084.928101 0.000000 480.749756 0.000000 0.945030 0.000000 0.326983 0.666236 0.666236 0.666236
1080.377808 0.000000 505.537445 0.000000 0.378777 0.000000 -0.925488 0.910753 0.910753 0.910753
1081.846558 0.000000 490.626434 0.000000 0.541219 0.000000 0.840882 0.542889 0.542889 0.542889
1080.010498 0.000000 492.339752 0.000000 0.404995 0.000000 -0.914319 0.921804 0.921804 0.921804
1082.924683 0.000000 507.146332 0.000000 0.993813 0.000000 0.111063 0.684246 0.684246 0.684246
1081.923584 0.000000 508.666412 0.000000 0.864091 0.000000 0.503335 0.605979 0.605979 0.605979
1078.434082 0.000000 502.956543 0.000000 0.863058 0.000000 -0.505104 0.768476 0.768476 0.768476
1083.354980 0.000000 491.652283 0.000000 0.997239 0.000000 -0.074259 0.714678 0.714678 0.714678
1087.682861 0.000000 489.270172 0.000000 0.460714 0.000000 -0.887549 0.871752 0.871752 0.871752
1086.063843 0.000000 503.983551 0.000000 0.993558 0.000000 0.113324 0.679756 0.679756 0.679756
1078.082764 0.000000 507.392334 0.000000 0.851864 0.000000 0.523764 0.623893 0.623893 0.623893
1087.712280 0.000000 490.704498 0.000000 0.952504 0.000000 0.304525 0.633485 0.633485 0.633485
1086.919189 0.000000 493.282013 0.000000 0.901568 0.000000 0.432638 0.620246 0.620246 0.620246
1081.921509 0.000000 493.661163 0.000000 0.992550 0.000000 0.121839 0.676520 0.676520 0.676520
1082.678711 0.000000 488.994507 0.000000 0.197849 0.000000 -0.980232 0.961278 0.961278 0.961278
1085.222534 0.000000 489.936981 0.000000 0.967385 0.000000 -0.253310 0.757735 0.757735 0.757735
1085.868896 0.000000 491.964722 0.000000 0.686570 0.000000 0.727063 0.469540 0.469540 0.469540
1085.959717 0.000000 489.006561 0.000000 0.723259 0.000000 -0.690577 0.871848 0.871848 0.871848
1095.525146 0.000000 464.250885 0.000000 0.580932 0.000000 -0.813952 0.861196 0.861196 0.861196
1091.862671 0.000000 469.521698 0.000000 0.700550 0.000000 0.713604 0.558355 0.558355 0.558355
1101.518677 0.000000 463.901642 0.000000 0.009454 0.000000 0.999955 0.525371 0.525371 0.525371
1094.036865 0.000000 462.593628 0.000000 0.101976 0.000000 -0.994787 0.961791 0.961791 0.961791
1104.275146 0.000000 463.906189 0.000000 0.767514 0.000000 -0.641033 0.746210 0.746210 0.746210
1097.507446 0.000000 464.839874 0.000000 0.090492 0.000000 -0.995897 0.808643 0.808643 0.808643
1097.207764 0.000000 462.698059 0.000000 0.766290 0.000000 -0.642495 0.753653 0.753653 0.753653
1093.625610 0.000000 464.360107 0.000000 0.333251 0.000000 -0.942838 0.820476 0.820476 0.820476
1090.368774 0.000000 468.612732 0.000000 0.409821 0.000000 0.912166 0.495269 0.495269 0.495269
1091.953003 0.000000 467.738586 0.000000 0.789907 0.000000 -0.613226 0.788831 0.788831 0.788831
1095.656738 0.000000 462.519836 0.000000 0.124235 0.000000 -0.992253 0.957797 0.957797 0.957797
1102.917114 0.000000 463.368256 0.000000 0.140406 0.000000 -0.990094 0.954889 0.954889 0.954889
1094.509888 0.000000 465.412628 0.000000 0.086994 0.000000 -0.996209 0.951509 0.951509 0.951509
1148.044067 0.000000 473.951721 0.000000 0.487519 0.000000 0.873113 0.688869 0.688869 0.688869
1145.572876 0.000000 466.193268 0.000000 0.703728 0.000000 0.710469 0.619909 0.619909 0.619909
1149.952393 0.000000 469.680176 0.000000 0.985977 0.000000 0.166879 0.678904 0.678904 0.678904
1150.358521 0.000000 465.852081 0.000000 0.850774 0.000000 -0.525532 0.775427 0.775427 0.775427
1146.061035 0.000000 470.934845 0.000000 0.843168 0.000000 -0.537650 0.796225 0.796225 0.796225
1135.082275 0.000000 465.680542 0.000000 0.973787 0.000000 0.227462 0.669923 0.669923 0.669923
1142.332886 0.000000 465.970886 0.000000 0.599207 0.000000 -0.800594 0.865470 0.865470 0.865470
1148.070923 0.000000 467.573944 0.000000 0.826284 0.000000 -0.563253 0.754372 0.754372 0.754372
1132.428345 0.000000 466.141418 0.000000 0.396647 0.000000 0.917971 0.492703 0.492703 0.492703
1148.558594 0.000000 471.622528 0.000000 0.313541 0.000000 -0.949575 0.864082 0.864082 0.864082
1145.659668 0.000000 468.628845 0.000000 0.599503 0.000000 0.800373 0.615676 0.615676 0.615676
1144.675171 0.000000 464.119415 0.000000 0.966571 0.000000 -0.256400 0.727188 0.727188 0.727188
1151.517822 0.000000 471.200378 0.000000 0.685517 0.000000 0.728057 0.554637 0.554637 0.554637
1150.731323 0.000000 462.727417 0.000000 0.987435 0.000000 0.158023 0.688075 0.688075 0.688075
1140.432251 0.000000 464.992798 0.000000 0.909065 0.000000 -0.416654 0.731544 0.731544 0.731544
1143.811768 0.000000 467.500214 0.000000 0.993055 0.000000 -0.117655 0.717930 0.717930 0.717930
1147.868042 0.000000 469.654480 0.000000 0.314330 0.000000 0.949314 0.476997 0.476997 0.476997
1134.772217 0.000000 467.562103 0.000000 0.095674 0.000000 0.995413 0.506677 0.506677 0.506677
1143.985352 0.000000 465.696259 0.000000 0.497702 0.000000 -0.867348 0.887139 0.887139 0.887139
1150.517090 0.000000 464.317535 0.000000 0.946511 0.000000 -0.322671 0.744785 0.744785 0.744785
1150.048218 0.000000 471.999176 0.000000 0.102857 0.000000 -0.994696 0.961633 0.961633 0.961633
1132.182739 0.000000 464.684479 0.000000 0.999683 0.000000 0.025195 0.695508 0.695508 0.695508
1133.657227 0.000000 465.367706 0.000000 0.509416 0.000000 -0.860520 0.884722 0.884722 0.884722
1133.402954 0.000000 467.159332 0.000000 0.326075 0.000000 -0.945344 0.920793 0.920793 0.920793
1149.137573 0.000000 465.149170 0.000000 0.394751 0.000000 0.918788 0.492335 0.492335 0.492335
1143.335815 0.000000 464.403717 0.000000 0.059174 0.000000 -0.998248 0.969446 0.969446 0.969446
1147.051636 0.000000 468.563812 0.000000 0.872548 0.000000 0.488528 0.609019 0.609019 0.609019
1146.466064 0.000000 469.710480 0.000000 0.059780 0.000000 0.998212 0.430662 0.430662 0.430662
1088.722778 0.000000 501.265564 0.000000 0.899981 0.000000 0.435929 0.669257 0.669257 0.669257
1088.895508 0.000000 484.493896 0.000000 0.999201 0.000000 -0.039968 0.706777 0.706777 0.706777
1091.130493 0.000000 482.107117 0.000000 0.933954 0.000000 0.357393 0.655930 0.655930 0.655930
1089.863281 0.000000 503.440002 0.000000 0.025634 0.000000 -0.999671 0.829614 0.829614 0.829614
1090.730347 0.000000 485.348907 0.000000 0.774043 0.000000 0.633133 0.622121 0.622121 0.622121
1087.838745 0.000000 502.977234 0.000000 0.886501 0.000000 0.462726 0.614248 0.614248 0.614248
1089.377075 0.000000 482.699005 0.000000 0.731972 0.000000 -0.681334 0.833616 0.833616 0.833616
1087.749268 0.000000 483.105133 0.000000 0.369270 0.000000 -0.929322 0.868814 0.868814 0.868814
1090.680298 0.000000 483.710785 0.000000 0.681340 0.000000 -0.731967 0.799024 0.799024 0.799024
1087.772339 0.000000 495.298676 0.000000 0.850967 0.000000 0.525219 0.635253 0.635253 0.635253
1087.865234 0.000000 493.707428 0.000000 0.521052 0.000000 -0.853525 0.882302 0.882302 0.882302
1087.905762 0.000000 490.863831 0.000000 0.416093 0.000000 -0.909322 0.945401 0.945401 0.945401
1165.201660 0.000000 404.709595 0.000000 0.956338 0.000000 -0.292263 0.722288 0.722288 0.722288
1181.991333 0.000000 414.165497 0.000000 0.966558 0.000000 -0.256448 0.731273 0.731273 0.731273
1157.404541 0.000000 402.711273 0.000000 0.302226 0.000000 -0.953236 0.730920 0.730920 0.730920
1174.785889 0.000000 398.951111 0.000000 0.695336 0.000000 -0.718685 0.842943 0.842943 0.842943
1178.053223 0.000000 406.966095 0.000000 0.975991 0.000000 -0.217809 0.714965 0.714965 0.714965
1159.509521 0.000000 400.282135 0.000000 0.323828 0.000000 -0.946116 0.921217 0.921217 0.921217
1177.304443 0.000000 411.088440 0.000000 0.770783 0.000000 -0.637097 0.778462 0.778462 0.778462
1164.420532 0.000000 402.172668 0.000000 0.944482 0.000000 0.328564 0.640324 0.640324 0.640324
1154.399414 0.000000 395.971710 0.000000 0.980520 0.000000 0.196420 0.682379 0.682379 0.682379
1155.132935 0.000000 391.261108 0.000000 0.302877 0.000000 0.953030 0.587425 0.587425 0.587425
1158.021240 0.000000 398.624878 0.000000 0.249011 0.000000 0.968501 0.515576 0.515576 0.515576
1174.427612 0.000000 396.743408 0.000000 0.995939 0.000000 -0.090035 0.707563 0.707563 0.707563
1176.667358 0.000000 400.150665 0.000000 0.608292 0.000000 0.793713 0.635906 0.635906 0.635906
1177.243652 0.000000 393.173767 0.000000 0.756807 0.000000 -0.653639 0.751043 0.751043 0.751043
1161.491821 0.000000 400.871124 0.000000 0.720119 0.000000 -0.693850 0.832668 0.832668 0.832668
1161.192139 0.000000 398.729309 0.000000 0.144944 0.000000 -0.989440 0.832018 0.832018 0.832018
1177.970947 0.000000 409.078888 0.000000 0.996851 0.000000 -0.079299 0.714150 0.714150 0.714150
1163.221802 0.000000 404.076599 0.000000 0.999876 0.000000 -0.015749 0.701211 0.701211 0.701211
1176.431152 0.000000 406.059387 0.000000 0.314495 0.000000 0.949259 0.588514 0.588514 0.588514
1179.525146 0.000000 397.387543 0.000000 0.723068 0.000000 0.690777 0.634701 0.634701 0.634701
1154.464966 0.000000 392.970215 0.000000 0.992002 0.000000 -0.126219 0.722559 0.722559 0.722559
1180.475952 0.000000 414.972229 0.000000 0.994632 0.000000 -0.103477 0.712500 0.712500 0.712500
1176.354370 0.000000 409.584320 0.000000 0.488494 0.000000 -0.872567 0.889026 0.889026 0.889026
1162.826538 0.000000 401.941467 0.000000 0.975426 0.000000 -0.220328 0.724847 0.724847 0.724847
1177.823120 0.000000 394.673309 0.000000 0.316392 0.000000 -0.948629 0.872418 0.872418 0.872418
1179.331543 0.000000 395.699158 0.000000 0.947198 0.000000 -0.320649 0.758185 0.758185 0.758185
1179.151855 0.000000 408.125885 0.000000 0.882415 0.000000 -0.470471 0.765913 0.765913 0.765913
1159.641113 0.000000 398.551086 0.000000 0.598095 0.000000 -0.801425 0.829975 0.829975 0.829975
1165.395142 0.000000 403.190582 0.000000 0.578086 0.000000 -0.815976 0.870128 0.870128 0.870128
1158.494263 0.000000 401.443878 0.000000 0.211211 0.000000 -0.977441 0.942065 0.942065 0.942065
1183.008057 0.000000 415.163544 0.000000 0.629235 0.000000 -0.777215 0.858686 0.858686 0.858686
1184.462524 0.000000 391.737457 0.000000 0.999915 0.000000 0.013048 0.699567 0.699567 0.699567
1192.245117 0.000000 392.517883 0.000000 0.998384 0.000000 -0.056833 0.701093 0.701093 0.701093
1199.365967 0.000000 411.772461 0.000000 0.999866 0.000000 0.016394 0.699198 0.699198 0.699198
1195.544800 0.000000 409.013855 0.000000 0.657865 0.000000 -0.753136 0.725336 0.725336 0.725336
1206.653931 0.000000 405.457031 0.000000 0.235921 0.000000 -0.971772 0.802471 0.802471 0.802471
1188.113403 0.000000 393.972870 0.000000 0.058056 0.000000 0.998313 0.636554 0.636554 0.636554
1184.872070 0.000000 388.540771 0.000000 0.869843 0.000000 -0.493329 0.717130 0.717130 0.717130
1187.839233 0.000000 405.552948 0.000000 0.939376 0.000000 -0.342888 0.761164 0.761164 0.761164
1206.317261 0.000000 402.002136 0.000000 0.990098 0.000000 -0.140381 0.711076 0.711076 0.711076
1183.762573 0.000000 414.340912 0.000000 0.786998 0.000000 0.616955 0.581485 0.581485 0.581485
1186.337402 0.000000 402.823303 0.000000 0.323814 0.000000 0.946121 0.628429 0.628429 0.628429
1188.891479 0.000000 414.653992 0.000000 0.574060 0.000000 -0.818813 0.748619 0.748619 0.748619
1189.641357 0.000000 391.523590 0.000000 0.086032 0.000000 -0.996292 1.083995 1.083995 1.083995
1196.561401 0.000000 411.701508 0.000000 0.961653 0.000000 -0.274270 0.749524 0.749524 0.749524
1205.013916 0.000000 407.723724 0.000000 0.861246 0.000000 -0.508189 0.756828 0.756828 0.756828
1186.501831 0.000000 415.771729 0.000000 0.704651 0.000000 0.709554 0.643477 0.643477 0.643477
1187.125122 0.000000 391.261108 0.000000 0.374856 0.000000 0.927083 0.498860 0.498860 0.498860
1204.389282 0.000000 405.568542 0.000000 0.995748 0.000000 0.092120 0.673399 0.673399 0.673399
1189.739624 0.000000 406.633514 0.000000 0.373015 0.000000 0.927825 0.558759 0.558759 0.558759
1207.796143 0.000000 403.531464 0.000000 0.936525 0.000000 -0.350601 0.728170 0.728170 0.728170
1194.594849 0.000000 410.978790 0.000000 0.988036 0.000000 -0.154227 0.720025 0.720025 0.720025
1205.610352 0.000000 403.846344 0.000000 0.498285 0.000000 0.867013 0.501979 0.501979 0.501979
1186.706909 0.000000 389.395782 0.000000 0.932923 0.000000 0.360075 0.634341 0.634341 0.634341
1189.510742 0.000000 404.597321 0.000000 0.840557 0.000000 0.541723 0.597952 0.597952 0.597952
1186.345337 0.000000 404.643982 0.000000 0.870195 0.000000 -0.492708 0.790035 0.790035 0.790035
1185.455811 0.000000 414.453949 0.000000 0.996598 0.000000 -0.082419 0.716727 0.716727 0.716727
1191.290039 0.000000 391.124023 0.000000 0.196061 0.000000 0.980592 0.455176 0.455176 0.455176
1187.502319 0.000000 407.130615 0.000000 0.360409 0.000000 0.932794 0.559250 0.559250 0.559250
1189.955322 0.000000 388.243652 0.000000 0.312888 0.000000 -0.949790 0.980187 0.980187 0.980187
1188.454590 0.000000 390.453278 0.000000 0.460972 0.000000 0.887415 0.417639 0.417639 0.417639
1204.807373 0.000000 402.528198 0.000000 0.998827 0.000000 -0.048416 0.709142 0.709142 0.709142
1196.610962 0.000000 410.238129 0.000000 0.868917 0.000000 0.494957 0.607703 0.607703 0.607703
1189.698608 0.000000 389.794922 0.000000 0.377955 0.000000 -0.925824 0.964673 0.964673 0.964673
1197.983887 0.000000 411.510284 0.000000 0.090037 0.000000 0.995938 0.436071 0.436071 0.436071
1203.676514 0.000000 406.818207 0.000000 0.323716 0.000000 0.946154 0.498283 0.498283 0.498283
1204.513062 0.000000 404.324097 0.000000 0.432976 0.000000 0.901406 0.376180 0.376180 0.376180
1205.569580 0.000000 405.021057 0.000000 0.985395 0.000000 -0.170287 0.749343 0.749343 0.749343
1203.257080 0.000000 405.705750 0.000000 0.072144 0.000000 0.997394 0.288831 0.288831 0.288831
1203.361694 0.000000 404.579712 0.000000 0.783632 0.000000 0.621226 0.516088 0.516088 0.516088
1180.036255 0.000000 441.967346 0.000000 0.270766 0.000000 0.962645 0.437152 0.437152 0.437152
1174.661743 0.000000 437.441406 0.000000 0.569536 0.000000 0.821966 0.528011 0.528011 0.528011
1171.191772 0.000000 441.984528 0.000000 0.958998 0.000000 0.283413 0.691463 0.691463 0.691463
1182.799194 0.000000 441.333496 0.000000 0.281595 0.000000 -0.959533 0.899915 0.899915 0.899915
1182.539307 0.000000 416.200195 0.000000 0.624351 0.000000 0.781144 0.541763 0.541763 0.541763
1159.906128 0.000000 446.858154 0.000000 0.259040 0.000000 -0.965867 0.786913 0.786913 0.786913
1183.394897 0.000000 443.824829 0.000000 0.322885 0.000000 0.946438 0.526357 0.526357 0.526357
1177.651855 0.000000 436.644470 0.000000 0.999494 0.000000 0.031795 0.695832 0.695832 0.695832
1183.510010 0.000000 439.216003 0.000000 0.298728 0.000000 0.954338 0.529449 0.529449 0.529449
1181.307983 0.000000 443.570587 0.000000 0.374960 0.000000 -0.927041 0.911488 0.911488 0.911488
1175.803955 0.000000 435.515839 0.000000 0.043648 0.000000 -0.999047 0.956204 0.956204 0.956204
1172.564087 0.000000 443.570038 0.000000 0.376013 0.000000 0.926614 0.488715 0.488715 0.488715
1175.532715 0.000000 443.558197 0.000000 0.710442 0.000000 0.703756 0.586764 0.586764 0.586764
1172.894043 0.000000 441.552673 0.000000 0.934884 0.000000 -0.354953 0.757706 0.757706 0.757706
1182.757080 0.000000 417.770721 0.000000 0.903060 0.000000 0.429514 0.621639 0.621639 0.621639
1182.040405 0.000000 440.014801 0.000000 0.974164 0.000000 0.225841 0.664568 0.664568 0.664568
1174.286621 0.000000 440.522736 0.000000 0.901997 0.000000 0.431742 0.642268 0.642268 0.642268
1174.059326 0.000000 443.423584 0.000000 0.242877 0.000000 0.970057 0.507742 0.507742 0.507742
1181.332520 0.000000 441.332397 0.000000 0.006849 0.000000 0.999977 0.382957 0.382957 0.382957
1180.205566 0.000000 440.783325 0.000000 0.490621 0.000000 -0.871373 0.914476 0.914476 0.914476
1189.403320 0.000000 416.188446 0.000000 0.734940 0.000000 -0.678132 0.792465 0.792465 0.792465
1183.961914 0.000000 441.348694 0.000000 0.260050 0.000000 0.965595 0.496603 0.496603 0.496603
1187.107056 0.000000 418.138367 0.000000 0.852484 0.000000 0.522753 0.641360 0.641360 0.641360
1189.764038 0.000000 418.597717 0.000000 0.873244 0.000000 0.487283 0.661752 0.661752 0.661752
1185.797607 0.000000 416.421783 0.000000 0.999986 0.000000 0.005218 0.698742 0.698742 0.698742
1183.815308 0.000000 439.008484 0.000000 0.571334 0.000000 0.820718 0.570460 0.570460 0.570460
1187.754761 0.000000 416.463898 0.000000 0.013070 0.000000 0.999915 0.422330 0.422330 0.422330
1186.656860 0.000000 419.742035 0.000000 0.209697 0.000000 0.977766 0.555070 0.555070 0.555070
1183.979370 0.000000 415.869965 0.000000 0.626151 0.000000 -0.779702 0.859392 0.859392 0.859392
1185.961304 0.000000 417.677551 0.000000 0.404907 0.000000 0.914358 0.421713 0.421713 0.421713
1184.731323 0.000000 416.665619 0.000000 0.455474 0.000000 0.890249 0.435225 0.435225 0.435225
1157.411133 0.000000 448.172821 0.000000 0.703437 0.000000 -0.710758 0.737303 0.737303 0.737303
1153.847656 0.000000 471.455627 0.000000 0.183003 0.000000 -0.983112 0.891454 0.891454 0.891454
1151.736328 0.000000 467.176483 0.000000 0.964166 0.000000 -0.265300 0.716424 0.716424 0.716424
1159.740845 0.000000 451.556732 0.000000 0.378141 0.000000 -0.925748 0.838516 0.838516 0.838516
1151.823120 0.000000 470.992859 0.000000 0.105730 0.000000 0.994395 0.438882 0.438882 0.438882
1161.901245 0.000000 449.594391 0.000000 0.991652 0.000000 -0.128945 0.718078 0.718078 0.718078
1158.923706 0.000000 448.563293 0.000000 0.831598 0.000000 -0.555377 0.804959 0.804959 0.804959
1188.341187 0.000000 475.187683 0.000000 0.016293 0.000000 0.999867 0.482670 0.482670 0.482670
1192.899170 0.000000 454.432312 0.000000 0.520596 0.000000 0.853803 0.564096 0.564096 0.564096
1185.353638 0.000000 450.714630 0.000000 0.903303 0.000000 0.429003 0.627938 0.627938 0.627938
1189.964478 0.000000 474.219360 0.000000 0.546545 0.000000 0.837430 0.561233 0.561233 0.561233
1183.725830 0.000000 451.120758 0.000000 0.881860 0.000000 0.471512 0.618483 0.618483 0.618483
1191.439575 0.000000 474.833801 0.000000 0.575270 0.000000 -0.817964 0.870742 0.870742 0.870742
1206.529053 0.000000 505.986664 0.000000 0.996141 0.000000 0.087765 0.697082 0.697082 0.697082
1191.812988 0.000000 493.055176 0.000000 0.963131 0.000000 0.269032 0.688576 0.688576 0.688576
1206.182739 0.000000 508.869354 0.000000 0.733303 0.000000 -0.679902 0.781006 0.781006 0.781006
1193.649536 0.000000 490.501282 0.000000 0.992438 0.000000 0.122746 0.686022 0.686022 0.686022
1204.556274 0.000000 507.538788 0.000000 0.298910 0.000000 -0.954281 0.925891 0.925891 0.925891
1207.524902 0.000000 507.526947 0.000000 0.686587 0.000000 -0.727047 0.815227 0.815227 0.815227
1192.016235 0.000000 491.271820 0.000000 0.085378 0.000000 -0.996349 0.868721 0.868721 0.868721
1204.330688 0.000000 509.222656 0.000000 0.968667 0.000000 0.248364 0.665787 0.665787 0.665787
1206.051514 0.000000 507.392334 0.000000 0.557474 0.000000 -0.830194 0.838646 0.838646 0.838646
1193.278687 0.000000 492.019867 0.000000 0.824220 0.000000 0.566270 0.592696 0.592696 0.592696
1195.837036 0.000000 492.425690 0.000000 0.996562 0.000000 0.082854 0.688693 0.688693 0.688693
1193.161987 0.000000 493.341919 0.000000 0.974914 0.000000 -0.222582 0.740011 0.740011 0.740011
1046.568115 0.000000 537.971008 0.000000 0.330787 0.000000 0.943706 0.618075 0.618075 0.618075
1048.928833 0.000000 541.938904 0.000000 0.847920 0.000000 0.530124 0.623836 0.623836 0.623836
1053.579346 0.000000 514.938293 0.000000 0.954439 0.000000 -0.298405 0.707943 0.707943 0.707943
1054.461792 0.000000 522.158081 0.000000 0.465925 0.000000 0.884824 0.612688 0.612688 0.612688
1046.221802 0.000000 540.853760 0.000000 0.998544 0.000000 0.053946 0.685192 0.685192 0.685192
1044.595337 0.000000 539.523193 0.000000 0.849286 0.000000 0.527933 0.597946 0.597946 0.597946
1046.018921 0.000000 543.123169 0.000000 0.825254 0.000000 0.564762 0.601413 0.601413 0.601413
1047.563965 0.000000 539.511292 0.000000 0.024620 0.000000 0.999697 0.418985 0.418985 0.418985
1055.339722 0.000000 515.200989 0.000000 0.331007 0.000000 -0.943628 0.900463 0.900463 0.900463
1049.174438 0.000000 543.729858 0.000000 0.872100 0.000000 -0.489328 0.764337 0.764337 0.764337
1047.602295 0.000000 542.843079 0.000000 0.818739 0.000000 -0.574166 0.800467 0.800467 0.800467
1044.369751 0.000000 541.207031 0.000000 0.199719 0.000000 0.979853 0.494141 0.494141 0.494141
1049.931396 0.000000 540.650757 0.000000 0.941423 0.000000 -0.337228 0.746887 0.746887 0.746887
1046.090576 0.000000 539.376709 0.000000 0.999997 0.000000 -0.002575 0.700468 0.700468 0.700468
1047.628052 0.000000 541.257507 0.000000 0.950601 0.000000 0.310414 0.613401 0.613401 0.613401
1056.493774 0.000000 519.674988 0.000000 0.999224 0.000000 -0.039381 0.700344 0.700344 0.700344
1059.825562 0.000000 526.407715 0.000000 0.331668 0.000000 0.943396 0.689229 0.689229 0.689229
1085.374023 0.000000 525.042297 0.000000 0.998533 0.000000 -0.054140 0.709655 0.709655 0.709655
1060.581543 0.000000 516.869995 0.000000 0.515582 0.000000 0.856840 0.516558 0.516558 0.516558
1086.374146 0.000000 529.820801 0.000000 0.321452 0.000000 -0.946926 0.869508 0.869508 0.869508
1083.425537 0.000000 522.011414 0.000000 0.458056 0.000000 0.888923 0.577531 0.577531 0.577531
1082.499512 0.000000 526.856873 0.000000 0.685276 0.000000 0.728284 0.652952 0.652952 0.652952
1063.532959 0.000000 528.219604 0.000000 0.798865 0.000000 -0.601511 0.785719 0.785719 0.785719
1059.138306 0.000000 514.091492 0.000000 0.982967 0.000000 -0.183784 0.706137 0.706137 0.706137
1084.086548 0.000000 531.542725 0.000000 0.789418 0.000000 -0.613856 0.795869 0.795869 0.795869
1061.672607 0.000000 519.461060 0.000000 0.145057 0.000000 -0.989423 0.891784 0.891784 0.891784
1058.422852 0.000000 523.909180 0.000000 0.654139 0.000000 -0.756374 0.777948 0.777948 0.777948
1063.113159 0.000000 517.329712 0.000000 0.185900 0.000000 -0.982569 0.808824 0.808824 0.808824
1061.327637 0.000000 524.281494 0.000000 0.779482 0.000000 0.626424 0.646763 0.646763 0.646763
1059.156372 0.000000 519.198608 0.000000 0.911227 0.000000 0.411905 0.663646 0.663646 0.663646
1084.891113 0.000000 527.739807 0.000000 0.498381 0.000000 -0.866958 0.762333 0.762333 0.762333
1061.795288 0.000000 514.550842 0.000000 0.554427 0.000000 -0.832233 0.754979 0.754979 0.754979
1056.915039 0.000000 522.035522 0.000000 0.596540 0.000000 -0.802584 0.859551 0.859551 0.859551
1062.044678 0.000000 526.562378 0.000000 0.619637 0.000000 -0.784889 0.860877 0.860877 0.860877
1086.894165 0.000000 531.817139 0.000000 0.825602 0.000000 -0.564253 0.806868 0.806868 0.806868
1058.738159 0.000000 517.333313 0.000000 0.179107 0.000000 -0.983829 0.848254 0.848254 0.848254
1084.918213 0.000000 523.216431 0.000000 0.317204 0.000000 -0.948357 0.848309 0.848309 0.848309
1057.384888 0.000000 514.683350 0.000000 0.759392 0.000000 0.650634 0.603434 0.603434 0.603434
1083.548584 0.000000 525.325073 0.000000 0.476184 0.000000 -0.879345 0.880264 0.880264 0.880264
1058.488403 0.000000 520.907715 0.000000 0.236976 0.000000 -0.971515 0.827984 0.827984 0.827984
1061.633423 0.000000 528.328857 0.000000 0.370789 0.000000 -0.928717 0.860257 0.860257 0.860257
1055.757080 0.000000 515.089539 0.000000 0.373429 0.000000 0.927659 0.506905 0.506905 0.506905
1086.532715 0.000000 528.286255 0.000000 0.079600 0.000000 -0.996827 0.903256 0.903256 0.903256
1061.986572 0.000000 516.181152 0.000000 0.025052 0.000000 0.999686 0.424466 0.424466 0.424466
1085.536011 0.000000 531.094543 0.000000 0.969362 0.000000 -0.245638 0.735998 0.735998 0.735998
1060.485840 0.000000 518.390808 0.000000 0.728325 0.000000 -0.685232 0.801585 0.801585 0.801585
1063.664551 0.000000 526.488586 0.000000 0.971043 0.000000 -0.238905 0.743001 0.743001 0.743001
1061.729858 0.000000 517.732422 0.000000 0.197405 0.000000 0.980322 0.455421 0.455421 0.455421
1057.089844 0.000000 523.460754 0.000000 0.499901 0.000000 -0.866083 0.879366 0.879366 0.879366
1060.484375 0.000000 527.615784 0.000000 0.990980 0.000000 0.134008 0.676040 0.676040 0.676040
1043.909668 0.000000 574.695251 0.000000 0.648783 0.000000 0.760973 0.545844 0.545844 0.545844
1040.581299 0.000000 564.163147 0.000000 0.971613 0.000000 0.236575 0.683722 0.683722 0.683722
1040.874878 0.000000 574.301514 0.000000 0.349915 0.000000 0.936782 0.517648 0.517648 0.517648
1026.430664 0.000000 555.893555 0.000000 0.074352 0.000000 0.997232 0.433266 0.433266 0.433266
1040.964111 0.000000 569.725220 0.000000 0.282631 0.000000 0.959229 0.558606 0.558606 0.558606
1026.496216 0.000000 552.892090 0.000000 0.557222 0.000000 0.830363 0.607540 0.607540 0.607540
1040.619995 0.000000 567.204773 0.000000 0.997742 0.000000 0.067161 0.688019 0.688019 0.688019
1043.364014 0.000000 568.077087 0.000000 0.847532 0.000000 0.530744 0.638403 0.638403 0.638403
1042.356812 0.000000 574.720337 0.000000 0.802247 0.000000 -0.596992 0.814037 0.814037 0.814037
1026.716187 0.000000 554.325317 0.000000 0.905822 0.000000 -0.423658 0.777982 0.777982 0.777982
1027.994263 0.000000 555.364441 0.000000 0.142379 0.000000 -0.989812 0.954534 0.954534 0.954534
1043.715576 0.000000 566.740051 0.000000 0.992768 0.000000 0.120053 0.678548 0.678548 0.678548
1091.817749 0.000000 526.407715 0.000000 0.572599 0.000000 -0.819836 0.814216 0.814216 0.814216
1087.850220 0.000000 524.185181 0.000000 0.592314 0.000000 0.805708 0.650882 0.650882 0.650882
1089.115967 0.000000 526.516602 0.000000 0.974404 0.000000 0.224803 0.662356 0.662356 0.662356
1087.751953 0.000000 531.145264 0.000000 0.744194 0.000000 -0.667964 0.830387 0.830387 0.830387
1089.216919 0.000000 524.954773 0.000000 0.549627 0.000000 -0.835410 0.876271 0.876271 0.876271
1091.735352 0.000000 524.806641 0.000000 0.877970 0.000000 0.478716 0.637189 0.637189 0.637189
1090.434692 0.000000 525.840881 0.000000 0.646971 0.000000 0.762515 0.590885 0.590885 0.590885
1118.006958 0.000000 574.087341 0.000000 0.941542 0.000000 0.336895 0.672377 0.672377 0.672377
1113.158813 0.000000 575.714233 0.000000 0.922738 0.000000 -0.385427 0.766381 0.766381 0.766381
1119.778198 0.000000 574.262756 0.000000 0.818678 0.000000 0.574252 0.650827 0.650827 0.650827
1122.517456 0.000000 575.693604 0.000000 0.968321 0.000000 -0.249709 0.724699 0.724699 0.724699
1121.471436 0.000000 574.375793 0.000000 0.898079 0.000000 -0.439833 0.781179 0.781179 0.781179
1037.933472 0.000000 579.548584 0.000000 0.836977 0.000000 0.547238 0.597792 0.597792 0.597792
1040.644043 0.000000 586.171021 0.000000 0.282771 0.000000 0.959188 0.596771 0.596771 0.596771
1041.497192 0.000000 575.998169 0.000000 0.968028 0.000000 0.250843 0.661893 0.661893 0.661893
1036.257935 0.000000 586.880981 0.000000 0.432508 0.000000 0.901630 0.682329 0.682329 0.682329
1038.136230 0.000000 583.370972 0.000000 0.404136 0.000000 -0.914699 0.794848 0.794848 0.794848
1032.047485 0.000000 577.593994 0.000000 0.794705 0.000000 -0.606996 0.725078 0.725078 0.725078
1035.491089 0.000000 578.367981 0.000000 0.572710 0.000000 -0.819758 0.871300 0.871300 0.871300
1041.893677 0.000000 583.990479 0.000000 0.847984 0.000000 0.530022 0.661926 0.661926 0.661926
1038.534790 0.000000 587.531372 0.000000 0.910650 0.000000 0.413179 0.659060 0.659060 0.659060
1038.562744 0.000000 585.422241 0.000000 0.006699 0.000000 0.999978 0.421194 0.421194 0.421194
1036.479370 0.000000 576.548035 0.000000 0.572943 0.000000 0.819596 0.574082 0.574082 0.574082
1037.263184 0.000000 577.990112 0.000000 0.521269 0.000000 0.853393 0.565987 0.565987 0.565987
1042.836060 0.000000 576.973694 0.000000 0.898081 0.000000 -0.439829 0.777199 0.777199 0.777199
1041.239624 0.000000 577.569458 0.000000 0.164460 0.000000 0.986384 0.501033 0.501033 0.501033
1040.005737 0.000000 576.365173 0.000000 0.334089 0.000000 0.942542 0.525866 0.525866 0.525866
1034.883545 0.000000 579.653931 0.000000 0.301828 0.000000 -0.953363 0.925346 0.925346 0.925346
1039.953613 0.000000 584.861755 0.000000 0.998149 0.000000 -0.060820 0.710848 0.710848 0.710848
1036.429932 0.000000 579.407776 0.000000 0.997521 0.000000 0.070372 0.687569 0.687569 0.687569
1043.521851 0.000000 575.742981 0.000000 0.285223 0.000000 -0.958461 0.928442 0.928442 0.928442
1084.059692 0.000000 601.889221 0.000000 0.820916 0.000000 0.571050 0.603344 0.603344 0.603344
1074.341797 0.000000 598.671570 0.000000 0.935492 0.000000 -0.353348 0.725877 0.725877 0.725877
1078.560303 0.000000 601.939758 0.000000 0.950606 0.000000 0.310401 0.643741 0.643741 0.643741
1075.215210 0.000000 601.906372 0.000000 0.489381 0.000000 0.872070 0.524115 0.524115 0.524115
1077.045166 0.000000 599.629944 0.000000 0.958210 0.000000 0.286065 0.657412 0.657412 0.657412
1087.418335 0.000000 603.746704 0.000000 0.886026 0.000000 -0.463635 0.784250 0.784250 0.784250
1079.861694 0.000000 599.812073 0.000000 0.955591 0.000000 0.294695 0.647723 0.647723 0.647723
1084.574219 0.000000 599.560059 0.000000 0.586799 0.000000 -0.809733 0.868217 0.868217 0.868217
1085.331421 0.000000 603.492493 0.000000 0.303053 0.000000 0.952974 0.474883 0.474883 0.474883
1081.994385 0.000000 600.985168 0.000000 0.171393 0.000000 -0.985203 0.937077 0.937077 0.937077
1073.195312 0.000000 603.558350 0.000000 0.875426 0.000000 -0.483353 0.777583 0.777583 0.777583
1075.356201 0.000000 600.061462 0.000000 0.697021 0.000000 -0.717051 0.832744 0.832744 0.832744
1084.499390 0.000000 606.878479 0.000000 0.551619 0.000000 0.834096 0.556910 0.556910 0.556910
1076.917480 0.000000 601.474548 0.000000 0.017683 0.000000 -0.999844 0.976848 0.976848 0.976848
1080.377808 0.000000 601.490601 0.000000 0.964814 0.000000 -0.262933 0.745101 0.745101 0.745101
1078.434082 0.000000 598.909668 0.000000 0.613722 0.000000 0.789522 0.540965 0.540965 0.540965
1086.063843 0.000000 599.936646 0.000000 0.517119 0.000000 0.855913 0.403772 0.403772 0.403772
1078.310059 0.000000 600.444580 0.000000 0.242476 0.000000 0.970157 0.463657 0.463657 0.463657
1072.261108 0.000000 604.932556 0.000000 0.248577 0.000000 0.968612 0.464779 0.464779 0.464779
1083.175293 0.000000 600.032104 0.000000 0.998414 0.000000 0.056298 0.691141 0.691141 0.691141
1085.043213 0.000000 604.963257 0.000000 0.944237 0.000000 0.329267 0.640191 0.640191 0.640191
1085.355957 0.000000 601.254272 0.000000 0.372420 0.000000 -0.928064 0.889116 0.889116 0.889116
1086.528076 0.000000 602.670471 0.000000 0.026498 0.000000 -0.999649 0.969879 0.969879 0.969879
1087.541992 0.000000 597.049072 0.000000 0.993398 0.000000 0.114722 0.680108 0.680108 0.680108
1086.973145 0.000000 605.051270 0.000000 0.998985 0.000000 -0.045037 0.708031 0.708031 0.708031
1081.174316 0.000000 599.836914 0.000000 0.646572 0.000000 -0.762853 0.854673 0.854673 0.854673
1074.472534 0.000000 603.058289 0.000000 0.321681 0.000000 0.946848 0.419714 0.419714 0.419714
1073.621948 0.000000 605.138123 0.000000 0.542038 0.000000 -0.840354 0.877886 0.877886 0.877886
1086.277832 0.000000 598.792603 0.000000 0.244914 0.000000 -0.969545 1.081594 1.081594 1.081594
1087.141235 0.000000 598.104736 0.000000 0.754776 0.000000 -0.655982 0.906311 0.906311 0.906311
1024.738403 0.000000 629.203064 0.000000 0.101942 0.000000 0.994790 0.438203 0.438203 0.438203
1026.530884 0.000000 636.973938 0.000000 0.761137 0.000000 -0.648591 0.740700 0.740700 0.740700
1027.833374 0.000000 622.360840 0.000000 0.999563 0.000000 0.029546 0.699225 0.699225 0.699225
1031.969604 0.000000 630.376221 0.000000 0.372708 0.000000 -0.927949 0.847513 0.847513 0.847513
1037.232910 0.000000 628.600220 0.000000 0.292661 0.000000 0.956216 0.682192 0.682192 0.682192
1033.561401 0.000000 626.807495 0.000000 0.395003 0.000000 -0.918680 0.907616 0.907616 0.907616
1039.097168 0.000000 632.030457 0.000000 0.163275 0.000000 0.986581 0.449235 0.449235 0.449235
1040.581299 0.000000 628.131897 0.000000 0.353878 0.000000 0.935292 0.501381 0.501381 0.501381
1028.930542 0.000000 638.544617 0.000000 0.462850 0.000000 -0.886436 0.894223 0.894223 0.894223
1034.781006 0.000000 630.008606 0.000000 0.754444 0.000000 0.656364 0.661211 0.661211 0.661211
1026.540894 0.000000 639.662354 0.000000 0.668436 0.000000 -0.743770 0.840706 0.840706 0.840706
1027.833130 0.000000 624.789856 0.000000 0.007317 0.000000 -0.999973 0.866671 0.866671 0.866671
1031.433472 0.000000 628.027527 0.000000 0.614989 0.000000 -0.788535 0.796840 0.796840 0.796840
1033.635620 0.000000 631.865845 0.000000 0.466257 0.000000 0.884649 0.506463 0.506463 0.506463
1038.082153 0.000000 633.901367 0.000000 0.726515 0.000000 -0.687151 0.835038 0.835038 0.835038
1041.754150 0.000000 626.268311 0.000000 0.829956 0.000000 -0.557830 0.774460 0.774460 0.774460
1035.253052 0.000000 627.967224 0.000000 0.052688 0.000000 0.998611 0.434702 0.434702 0.434702
1033.125000 0.000000 628.876770 0.000000 0.389906 0.000000 0.920855 0.520028 0.520028 0.520028
1038.795654 0.000000 627.483948 0.000000 0.559850 0.000000 0.828594 0.565173 0.565173 0.565173
1029.641235 0.000000 624.281982 0.000000 0.065149 0.000000 -0.997876 0.968379 0.968379 0.968379
1026.384399 0.000000 628.534607 0.000000 0.968356 0.000000 -0.249573 0.738350 0.738350 0.738350
1027.968628 0.000000 627.660461 0.000000 0.545369 0.000000 -0.838196 0.896286 0.896286 0.896286
1025.494873 0.000000 638.344543 0.000000 0.835661 0.000000 0.549245 0.600417 0.600417 0.600417
1034.857788 0.000000 625.832092 0.000000 0.144246 0.000000 -0.989542 1.001548 1.001548 1.001548
1037.221069 0.000000 632.447449 0.000000 0.803505 0.000000 -0.595298 0.803632 0.803632 0.803632
1027.376465 0.000000 638.343994 0.000000 0.994685 0.000000 -0.102966 0.717305 0.717305 0.717305
1024.934692 0.000000 626.093506 0.000000 0.567628 0.000000 -0.823285 0.833527 0.833527 0.833527
1041.099976 0.000000 629.772217 0.000000 0.203492 0.000000 0.979077 0.475624 0.475624 0.475624
1032.156982 0.000000 631.973328 0.000000 0.972690 0.000000 0.232108 0.658245 0.658245 0.658245
1025.120117 0.000000 627.716003 0.000000 0.993187 0.000000 -0.116528 0.716124 0.716124 0.716124
1036.206177 0.000000 624.606323 0.000000 0.461879 0.000000 -0.886943 0.894418 0.894418 0.894418
1037.680664 0.000000 625.289551 0.000000 0.275546 0.000000 -0.961288 0.930239 0.930239 0.930239
1027.680298 0.000000 626.196228 0.000000 0.355131 0.000000 0.934816 0.461499 0.461499 0.461499
1033.468506 0.000000 630.397156 0.000000 0.230939 0.000000 0.972968 0.461541 0.461541 0.461541
1034.847656 0.000000 624.633362 0.000000 0.996234 0.000000 -0.086705 0.718357 0.718357 0.718357
1074.415283 0.000000 624.263489 0.000000 0.276777 0.000000 0.960934 0.555680 0.555680 0.555680
1085.374023 0.000000 620.995422 0.000000 0.931514 0.000000 -0.363704 0.731225 0.731225 0.731225
1078.685181 0.000000 629.347656 0.000000 0.004483 0.000000 0.999990 0.658941 0.658941 0.658941
1071.208740 0.000000 621.828430 0.000000 0.549534 0.000000 -0.835471 0.833082 0.833082 0.833082
1070.128418 0.000000 615.355347 0.000000 0.255818 0.000000 0.966725 0.466113 0.466113 0.466113
1086.374146 0.000000 625.773926 0.000000 0.485086 0.000000 0.874466 0.510279 0.510279 0.510279
1071.097900 0.000000 625.602417 0.000000 0.669451 0.000000 0.742856 0.656101 0.656101 0.656101
1075.662720 0.000000 627.417297 0.000000 0.999974 0.000000 0.007274 0.698703 0.698703 0.698703
1078.348511 0.000000 625.892761 0.000000 0.931061 0.000000 0.364863 0.673239 0.673239 0.673239
1086.453979 0.000000 618.111206 0.000000 0.984038 0.000000 0.177957 0.668109 0.668109 0.668109
1084.891113 0.000000 623.692932 0.000000 0.696854 0.000000 -0.717213 0.793647 0.793647 0.793647
1073.288940 0.000000 620.503601 0.000000 0.864348 0.000000 -0.502894 0.775512 0.775512 0.775512
1076.420532 0.000000 629.459167 0.000000 0.990252 0.000000 -0.139286 0.708791 0.708791 0.708791
1086.746948 0.000000 622.649292 0.000000 0.871114 0.000000 0.491080 0.612983 0.612983 0.612983
1072.282959 0.000000 623.828064 0.000000 0.087217 0.000000 0.996189 0.435567 0.435567 0.435567
1070.554932 0.000000 617.406616 0.000000 0.738379 0.000000 0.674386 0.568069 0.568069 0.568069
1076.447876 0.000000 624.914673 0.000000 0.973979 0.000000 -0.226637 0.729965 0.729965 0.729965
1079.827393 0.000000 627.422058 0.000000 0.888247 0.000000 0.459366 0.653291 0.653291 0.653291
1084.790894 0.000000 616.597473 0.000000 0.882916 0.000000 0.469530 0.636793 0.636793 0.636793
1077.641602 0.000000 627.736938 0.000000 0.983455 0.000000 0.181153 0.667530 0.667530 0.667530
1084.918213 0.000000 619.169556 0.000000 0.306087 0.000000 0.952003 0.523883 0.523883 0.523883
1087.068604 0.000000 619.856995 0.000000 0.992963 0.000000 -0.118422 0.721159 0.721159 0.721159
1077.922974 0.000000 624.234497 0.000000 0.149072 0.000000 0.988826 0.513729 0.513729 0.513729
1072.745850 0.000000 622.282166 0.000000 0.991899 0.000000 0.127031 0.677295 0.677295 0.677295
1086.532715 0.000000 624.239380 0.000000 0.998550 0.000000 -0.053828 0.709600 0.709600 0.709600
1087.682861 0.000000 617.207703 0.000000 0.306726 0.000000 -0.951798 0.909027 0.909027 0.909027
1068.627075 0.000000 615.055908 0.000000 0.423160 0.000000 0.906055 0.519681 0.519681 0.519681
1076.838623 0.000000 626.418823 0.000000 0.021148 0.000000 -0.999776 0.976230 0.976230 0.976230
1071.788818 0.000000 620.349304 0.000000 0.283717 0.000000 -0.958908 0.872663 0.872663 0.872663
1070.924927 0.000000 623.290161 0.000000 0.589520 0.000000 -0.807754 0.867618 0.867618 0.867618
1071.945801 0.000000 616.846130 0.000000 0.570065 0.000000 0.821599 0.528126 0.528126 0.528126
1087.712280 0.000000 618.641968 0.000000 0.981514 0.000000 0.191390 0.665672 0.665672 0.665672
1086.919189 0.000000 621.219482 0.000000 0.451907 0.000000 0.892065 0.503583 0.503583 0.503583
1073.583740 0.000000 623.258667 0.000000 0.616359 0.000000 0.787465 0.538380 0.538380 0.538380
1111.871582 0.000000 586.686584 0.000000 0.935845 0.000000 -0.352413 0.713847 0.713847 0.713847
1095.953979 0.000000 598.391846 0.000000 0.390084 0.000000 -0.920779 0.800195 0.800195 0.800195
1101.217285 0.000000 596.615845 0.000000 0.765305 0.000000 -0.643668 0.719553 0.719553 0.719553
1093.420166 0.000000 594.617493 0.000000 0.022256 0.000000 0.999752 0.472679 0.472679 0.472679
1099.568237 0.000000 600.920105 0.000000 0.639255 0.000000 -0.768995 0.793519 0.793519 0.793519
1105.494995 0.000000 581.288391 0.000000 0.932151 0.000000 -0.362070 0.771868 0.771868 0.771868
1115.417725 0.000000 585.980164 0.000000 0.113810 0.000000 0.993503 0.626173 0.626173 0.626173
1103.081543 0.000000 600.046082 0.000000 0.506651 0.000000 -0.862151 0.758132 0.758132 0.758132
1114.174194 0.000000 579.367920 0.000000 0.111352 0.000000 0.993781 0.618397 0.618397 0.618397
1114.491699 0.000000 590.825623 0.000000 0.555216 0.000000 -0.831706 0.736045 0.736045 0.736045
1091.862671 0.000000 597.459167 0.000000 0.219327 0.000000 -0.975651 0.808499 0.808499 0.808499
1098.765381 0.000000 598.024231 0.000000 0.971643 0.000000 -0.236452 0.729619 0.729619 0.729619
1113.957886 0.000000 588.265930 0.000000 0.996876 0.000000 -0.078985 0.709120 0.709120 0.709120
1095.417847 0.000000 596.043152 0.000000 0.195254 0.000000 0.980753 0.481448 0.481448 0.481448
1104.081421 0.000000 578.738953 0.000000 0.486482 0.000000 -0.873691 0.889437 0.889437 0.889437
1100.859131 0.000000 598.905396 0.000000 0.216672 0.000000 -0.976244 0.941069 0.941069 0.941069
1107.850708 0.000000 581.733337 0.000000 0.353877 0.000000 0.935292 0.473912 0.473912 0.473912
1103.272705 0.000000 581.422058 0.000000 0.935182 0.000000 -0.354169 0.728470 0.728470 0.728470
1093.763062 0.000000 598.539734 0.000000 0.453087 0.000000 -0.891466 0.896181 0.896181 0.896181
1113.341919 0.000000 577.443176 0.000000 0.939456 0.000000 -0.342670 0.775181 0.775181 0.775181
1112.582153 0.000000 589.906189 0.000000 0.622219 0.000000 0.782844 0.596283 0.596283 0.596283
1093.534180 0.000000 596.503540 0.000000 0.008015 0.000000 0.999968 0.421429 0.421429 0.421429
1095.624634 0.000000 594.162781 0.000000 0.886309 0.000000 0.463095 0.636893 0.636893 0.636893
1115.540771 0.000000 589.293823 0.000000 0.845830 0.000000 0.533453 0.640017 0.640017 0.640017
1107.170410 0.000000 580.146301 0.000000 0.892022 0.000000 -0.451992 0.787699 0.787699 0.787699
1101.205444 0.000000 600.463074 0.000000 0.598782 0.000000 0.800912 0.550667 0.550667 0.550667
1113.838745 0.000000 586.579529 0.000000 0.497954 0.000000 -0.867203 0.887087 0.887087 0.887087
1112.002686 0.000000 588.292908 0.000000 0.935415 0.000000 -0.353552 0.741680 0.741680 0.741680
1105.332764 0.000000 579.659424 0.000000 0.805993 0.000000 -0.591925 0.812914 0.812914 0.812914
1115.347168 0.000000 587.605408 0.000000 0.763689 0.000000 -0.645584 0.798115 0.798115 0.798115
1094.785767 0.000000 597.373901 0.000000 0.270367 0.000000 -0.962757 0.906266 0.906266 0.906266
1116.626587 0.000000 590.275757 0.000000 0.187159 0.000000 -0.982330 0.946440 0.946440 0.946440
1113.706299 0.000000 576.130371 0.000000 0.635463 0.000000 -0.772132 0.889629 0.889629 0.889629
1119.764526 0.000000 591.251831 0.000000 0.378293 0.000000 0.925686 0.532563 0.532563 0.532563
1096.268555 0.000000 616.408508 0.000000 0.205121 0.000000 0.978737 0.580797 0.580797 0.580797
1087.850220 0.000000 620.138306 0.000000 0.130307 0.000000 0.991474 0.443294 0.443294 0.443294
1097.554565 0.000000 612.212280 0.000000 0.285087 0.000000 -0.958502 0.928468 0.928468 0.928468
1092.136841 0.000000 617.863525 0.000000 0.024465 0.000000 0.999701 0.424361 0.424361 0.424361
1105.494995 0.000000 613.272766 0.000000 0.893520 0.000000 -0.449024 0.747200 0.747200 0.747200
1099.098633 0.000000 614.859863 0.000000 0.280344 0.000000 -0.959900 0.839408 0.839408 0.839408
1093.664795 0.000000 615.414185 0.000000 0.129939 0.000000 0.991522 0.531336 0.531336 0.531336
1106.447021 0.000000 610.572876 0.000000 0.107869 0.000000 -0.994165 0.960734 0.960734 0.960734
1099.475464 0.000000 610.352356 0.000000 0.925817 0.000000 -0.377972 0.746061 0.746061 0.746061
1090.415039 0.000000 619.862305 0.000000 0.321864 0.000000 0.946786 0.643517 0.643517 0.643517
1095.105347 0.000000 613.282837 0.000000 0.739324 0.000000 -0.673350 0.751640 0.751640 0.751640
1091.148560 0.000000 615.151733 0.000000 0.693431 0.000000 0.720523 0.629698 0.629698 0.629698
1104.081421 0.000000 610.723328 0.000000 0.013389 0.000000 -0.999910 0.942231 0.942231 0.942231
1099.879395 0.000000 612.662231 0.000000 0.831745 0.000000 -0.555157 0.768912 0.768912 0.768912
1107.850708 0.000000 613.717712 0.000000 0.526988 0.000000 0.849873 0.581068 0.581068 0.581068
1096.922607 0.000000 614.354187 0.000000 0.739646 0.000000 -0.672996 0.831596 0.831596 0.831596
1089.942993 0.000000 624.206848 0.000000 0.966826 0.000000 0.255435 0.672465 0.672465 0.672465
1090.480591 0.000000 616.860840 0.000000 0.520632 0.000000 0.853781 0.564102 0.564102 0.564102
1107.170410 0.000000 612.130676 0.000000 0.578944 0.000000 -0.815367 0.811628 0.811628 0.811628
1095.313477 0.000000 615.014648 0.000000 0.410338 0.000000 -0.911934 0.866513 0.866513 0.866513
1092.309692 0.000000 616.298828 0.000000 0.494719 0.000000 -0.869053 0.887752 0.887752 0.887752
1087.772339 0.000000 623.236206 0.000000 0.845764 0.000000 -0.533557 0.795403 0.795403 0.795403
1105.332764 0.000000 611.643799 0.000000 0.991858 0.000000 -0.127345 0.719860 0.719860 0.719860
1087.865234 0.000000 621.644897 0.000000 0.833850 0.000000 0.551992 0.595766 0.595766 0.595766
1097.111938 0.000000 610.743896 0.000000 0.737722 0.000000 0.675105 0.567895 0.567895 0.567895
1093.624268 0.000000 616.937683 0.000000 0.298223 0.000000 0.954496 0.473981 0.473981 0.473981
1096.417847 0.000000 612.947021 0.000000 0.923218 0.000000 0.384277 0.629692 0.629692 0.629692
1097.809204 0.000000 615.336426 0.000000 0.502561 0.000000 -0.864541 0.886139 0.886139 0.886139
1195.075195 0.000000 518.906738 0.000000 0.803393 0.000000 -0.595449 0.762421 0.762421 0.762421
1191.081909 0.000000 517.329712 0.000000 0.286583 0.000000 0.958055 0.614988 0.614988 0.614988
1208.659546 0.000000 528.088135 0.000000 0.863772 0.000000 -0.503883 0.794134 0.794134 0.794134
1192.899170 0.000000 518.401062 0.000000 0.749215 0.000000 -0.662327 0.813860 0.813860 0.813860
1207.969727 0.000000 529.665039 0.000000 0.323367 0.000000 -0.946274 0.847536 0.847536 0.847536
1192.394409 0.000000 516.993896 0.000000 0.282342 0.000000 0.959314 0.471022 0.471022 0.471022
1034.231689 0.000000 669.203430 0.000000 0.288689 0.000000 -0.957423 0.927797 0.927797 0.927797
1029.442383 0.000000 640.079041 0.000000 0.579868 0.000000 0.814710 0.588505 0.588505 0.588505
1031.969604 0.000000 662.360596 0.000000 0.921996 0.000000 -0.387200 0.770872 0.770872 0.770872
1042.423096 0.000000 656.247864 0.000000 0.709295 0.000000 0.704911 0.589262 0.589262 0.589262
1046.568115 0.000000 665.908508 0.000000 0.990662 0.000000 0.136342 0.696176 0.696176 0.696176
1028.030396 0.000000 664.615234 0.000000 0.687118 0.000000 0.726546 0.638885 0.638885 0.638885
1024.107422 0.000000 656.765381 0.000000 0.981605 0.000000 -0.190923 0.734243 0.734243 0.734243
1050.084473 0.000000 662.841125 0.000000 0.693993 0.000000 -0.719982 0.726689 0.726689 0.726689
1043.670532 0.000000 659.401672 0.000000 0.796057 0.000000 0.605221 0.598895 0.598895 0.598895
1043.223022 0.000000 665.875122 0.000000 0.532591 0.000000 0.846373 0.643566 0.643566 0.643566
1031.540771 0.000000 656.157104 0.000000 0.633928 0.000000 -0.773392 0.754081 0.754081 0.754081
1046.356323 0.000000 657.877136 0.000000 0.377522 0.000000 0.926000 0.629668 0.629668 0.629668
1032.789551 0.000000 665.903015 0.000000 0.956045 0.000000 -0.293219 0.727564 0.727564 0.727564
1054.830444 0.000000 665.224121 0.000000 0.583001 0.000000 0.812471 0.565753 0.565753 0.565753
1046.221802 0.000000 668.791260 0.000000 0.381193 0.000000 -0.924496 0.747418 0.747418 0.747418
1034.781006 0.000000 661.992981 0.000000 0.944940 0.000000 0.327244 0.664460 0.664460 0.664460
1033.688599 0.000000 650.423157 0.000000 0.029422 0.000000 0.999567 0.594947 0.594947 0.594947
1042.741089 0.000000 668.390930 0.000000 0.529612 0.000000 0.848240 0.632752 0.632752 0.632752
1030.741211 0.000000 664.510925 0.000000 0.070376 0.000000 0.997521 0.464019 0.464019 0.464019
1027.833130 0.000000 656.774231 0.000000 0.793578 0.000000 -0.608469 0.746869 0.746869 0.746869
1031.433472 0.000000 660.011902 0.000000 0.177873 0.000000 -0.984053 0.858118 0.858118 0.858118
1052.582031 0.000000 663.528809 0.000000 0.995788 0.000000 0.091691 0.685879 0.685879 0.685879
1023.767639 0.000000 659.082764 0.000000 0.969406 0.000000 0.245462 0.672696 0.672696 0.672696
1036.874756 0.000000 662.874146 0.000000 0.995140 0.000000 0.098473 0.682418 0.682418 0.682418
1048.698608 0.000000 656.025635 0.000000 0.626913 0.000000 0.779090 0.640683 0.640683 0.640683
1033.635620 0.000000 663.850220 0.000000 0.934619 0.000000 -0.355651 0.738762 0.738762 0.738762
1029.778687 0.000000 662.508484 0.000000 0.305028 0.000000 -0.952343 0.807967 0.807967 0.807967
1041.754150 0.000000 658.252686 0.000000 0.993314 0.000000 0.115444 0.679376 0.679376 0.679376
1025.836670 0.000000 640.312378 0.000000 0.997906 0.000000 -0.064679 0.706787 0.706787 0.706787
1034.633911 0.000000 666.853760 0.000000 0.618460 0.000000 0.785816 0.581512 0.581512 0.581512
1044.595337 0.000000 667.460693 0.000000 0.678497 0.000000 -0.734603 0.847074 0.847074 0.847074
1032.437378 0.000000 668.338562 0.000000 0.952483 0.000000 0.304591 0.651860 0.651860 0.651860
1025.958618 0.000000 656.191223 0.000000 0.742727 0.000000 -0.669594 0.830778 0.830778 0.830778
1029.549805 0.000000 660.472290 0.000000 0.765803 0.000000 0.643076 0.618213 0.618213 0.618213
1031.640259 0.000000 658.131531 0.000000 0.110677 0.000000 0.993856 0.475487 0.475487 0.475487
1027.793823 0.000000 640.354553 0.000000 0.977172 0.000000 -0.212449 0.723570 0.723570 0.723570
1044.369751 0.000000 669.144531 0.000000 0.954841 0.000000 0.297117 0.667841 0.667841 0.667841
1024.018433 0.000000 639.760620 0.000000 0.422722 0.000000 0.906260 0.505728 0.505728 0.505728
1024.934692 0.000000 658.077881 0.000000 0.030037 0.000000 0.999549 0.449588 0.449588 0.449588
1054.071655 0.000000 663.905396 0.000000 0.889543 0.000000 -0.456851 0.757211 0.757211 0.757211
1043.222778 0.000000 657.975952 0.000000 0.990356 0.000000 -0.138544 0.719675 0.719675 0.719675
1025.120117 0.000000 659.700378 0.000000 0.749394 0.000000 -0.662125 0.817612 0.817612 0.817612
1035.447998 0.000000 663.357910 0.000000 0.141321 0.000000 -0.989964 0.902281 0.902281 0.902281
1035.876099 0.000000 652.347534 0.000000 0.491756 0.000000 0.870733 0.511641 0.511641 0.511641
1035.263916 0.000000 668.174072 0.000000 0.775004 0.000000 -0.631957 0.821939 0.821939 0.821939
1040.718262 0.000000 657.236572 0.000000 0.947102 0.000000 0.320931 0.646901 0.646901 0.646901
1040.129395 0.000000 658.699280 0.000000 0.996601 0.000000 0.082376 0.685300 0.685300 0.685300
1053.363770 0.000000 665.223022 0.000000 0.990007 0.000000 -0.141016 0.725221 0.725221 0.725221
1035.448975 0.000000 653.960571 0.000000 0.496801 0.000000 0.867864 0.512676 0.512676 0.512676
1041.978149 0.000000 659.555237 0.000000 0.666316 0.000000 -0.745669 0.850007 0.850007 0.850007
1049.187500 0.000000 659.343384 0.000000 0.906179 0.000000 0.422894 0.622168 0.622168 0.622168
1030.991455 0.000000 663.251465 0.000000 0.997095 0.000000 -0.076171 0.713591 0.713591 0.713591
1040.644043 0.000000 682.124146 0.000000 0.118974 0.000000 0.992897 0.621363 0.621363 0.621363
1042.423096 0.000000 688.232239 0.000000 0.750795 0.000000 0.660535 0.611734 0.611734 0.611734
1034.537842 0.000000 671.847046 0.000000 0.876660 0.000000 -0.481110 0.726314 0.726314 0.726314
1053.975830 0.000000 693.570801 0.000000 0.653801 0.000000 0.756666 0.560521 0.560521 0.560521
1030.463257 0.000000 699.888916 0.000000 0.541094 0.000000 -0.840962 0.851897 0.851897 0.851897
1039.216553 0.000000 685.797180 0.000000 0.995841 0.000000 -0.091112 0.702073 0.702073 0.702073
1043.712769 0.000000 684.459595 0.000000 0.982392 0.000000 -0.186832 0.729888 0.729888 0.729888
1039.105713 0.000000 689.571167 0.000000 0.684725 0.000000 0.728801 0.651481 0.651481 0.651481
1043.670532 0.000000 691.386047 0.000000 0.285133 0.000000 0.958488 0.590250 0.590250 0.590250
1028.930542 0.000000 702.513367 0.000000 0.846523 0.000000 0.532352 0.599933 0.599933 0.599933
1052.094360 0.000000 691.464600 0.000000 0.421956 0.000000 -0.906616 0.902352 0.902352 0.902352
1031.937378 0.000000 702.733154 0.000000 0.934374 0.000000 0.356293 0.656072 0.656072 0.656072
1026.540894 0.000000 703.631104 0.000000 0.963031 0.000000 0.269390 0.684270 0.684270 0.684270
1041.296753 0.000000 684.472351 0.000000 0.909162 0.000000 0.416442 0.623435 0.623435 0.623435
1028.380249 0.000000 699.078308 0.000000 0.508566 0.000000 0.861023 0.632929 0.632929 0.632929
1040.290771 0.000000 687.796814 0.000000 0.975486 0.000000 0.220062 0.660062 0.660062 0.660062
1041.754150 0.000000 690.237061 0.000000 0.999611 0.000000 -0.027891 0.703607 0.703607 0.703607
1054.901978 0.000000 691.739014 0.000000 0.993465 0.000000 0.114136 0.680610 0.680610 0.680610
1042.392578 0.000000 686.187378 0.000000 0.989807 0.000000 0.142412 0.678773 0.678773 0.678773
1032.437378 0.000000 700.322937 0.000000 0.999995 0.000000 0.003140 0.699676 0.699676 0.699676
1030.003540 0.000000 698.109985 0.000000 0.999485 0.000000 -0.032074 0.704877 0.704877 0.704877
1030.561890 0.000000 701.672607 0.000000 0.472555 0.000000 0.881301 0.502079 0.502079 0.502079
1040.753662 0.000000 686.250916 0.000000 0.612354 0.000000 0.790584 0.535882 0.535882 0.535882
1031.478638 0.000000 698.724426 0.000000 0.999527 0.000000 -0.030744 0.704675 0.704675 0.704675
1053.543823 0.000000 691.016418 0.000000 0.999781 0.000000 0.020931 0.696269 0.696269 0.696269
1040.718262 0.000000 689.220947 0.000000 0.516957 0.000000 -0.856011 0.883156 0.883156 0.883156
1053.138550 0.000000 692.396667 0.000000 0.578414 0.000000 0.815743 0.544949 0.544949 0.544949
1055.549805 0.000000 693.002197 0.000000 0.954789 0.000000 -0.297285 0.746420 0.746420 0.746420
1041.591553 0.000000 687.227417 0.000000 0.777814 0.000000 0.628494 0.577668 0.577668 0.577668
1075.704956 0.000000 684.459595 0.000000 0.996151 0.000000 0.087649 0.684356 0.684356 0.684356
1077.344482 0.000000 682.557922 0.000000 0.330481 0.000000 -0.943813 0.797042 0.797042 0.797042
1073.288940 0.000000 684.472351 0.000000 0.523214 0.000000 -0.852201 0.801622 0.801622 0.801622
1055.759766 0.000000 691.067139 0.000000 0.303757 0.000000 -0.952750 0.913956 0.913956 0.913956
1074.984497 0.000000 682.004944 0.000000 0.905238 0.000000 0.424905 0.621772 0.621772 0.621772
1080.589966 0.000000 685.859314 0.000000 0.815663 0.000000 0.578527 0.625610 0.625610 0.625610
1083.548584 0.000000 685.246948 0.000000 0.822334 0.000000 -0.569005 0.756064 0.756064 0.756064
1081.846558 0.000000 682.532654 0.000000 0.246898 0.000000 -0.969041 0.935530 0.935530 0.935530
1080.010498 0.000000 684.246033 0.000000 0.778493 0.000000 -0.627654 0.781820 0.781820 0.781820
1083.354980 0.000000 683.558533 0.000000 0.663405 0.000000 0.748261 0.583280 0.583280 0.583280
1074.479248 0.000000 683.495422 0.000000 0.388058 0.000000 -0.921635 0.908962 0.908962 0.908962
1100.436157 0.000000 658.047668 0.000000 0.387682 0.000000 -0.921793 0.800418 0.800418 0.800418
1105.281128 0.000000 652.487976 0.000000 0.429485 0.000000 -0.903074 0.879207 0.879207 0.879207
1108.412720 0.000000 661.443542 0.000000 0.203733 0.000000 0.979026 0.475665 0.475665 0.475665
1104.275146 0.000000 655.812439 0.000000 0.102120 0.000000 -0.994772 0.928403 0.928403 0.928403
1105.738525 0.000000 658.252686 0.000000 0.992698 0.000000 -0.120628 0.711200 0.711200 0.711200
1111.819580 0.000000 659.406433 0.000000 0.413887 0.000000 -0.910328 0.885941 0.885941 0.885941
1109.633789 0.000000 659.721313 0.000000 0.750502 0.000000 -0.660868 0.808507 0.808507 0.808507
1102.780029 0.000000 659.468323 0.000000 0.941429 0.000000 0.337212 0.638689 0.638689 0.638689
1104.738037 0.000000 654.266541 0.000000 0.999918 0.000000 -0.012781 0.701988 0.701988 0.701988
1108.830811 0.000000 658.403198 0.000000 0.295496 0.000000 0.955344 0.509005 0.509005 0.509005
1042.349609 0.000000 726.609070 0.000000 0.992570 0.000000 -0.121675 0.703197 0.703197 0.703197
1029.442383 0.000000 704.047791 0.000000 0.983079 0.000000 0.183179 0.668450 0.668450 0.668450
1027.833374 0.000000 718.313965 0.000000 0.045560 0.000000 -0.998962 0.835938 0.835938 0.835938
1045.241211 0.000000 707.627014 0.000000 0.633780 0.000000 -0.773514 0.797367 0.797367 0.797367
1042.423096 0.000000 720.216614 0.000000 0.487432 0.000000 -0.873161 0.746383 0.746383 0.746383
1046.568115 0.000000 729.877258 0.000000 0.949524 0.000000 -0.313695 0.734015 0.734015 0.734015
1024.107422 0.000000 720.734131 0.000000 0.456381 0.000000 -0.889785 0.895521 0.895521 0.895521
1044.519531 0.000000 711.859009 0.000000 0.406287 0.000000 0.913746 0.621457 0.621457 0.621457
1043.670532 0.000000 723.370422 0.000000 0.997385 0.000000 0.072267 0.687107 0.687107 0.687107
1043.223022 0.000000 729.843872 0.000000 0.943676 0.000000 0.330870 0.675248 0.675248 0.675248
1027.146118 0.000000 705.997742 0.000000 0.143317 0.000000 0.989677 0.620199 0.620199 0.620199
1045.052979 0.000000 727.567444 0.000000 0.133642 0.000000 0.991030 0.607099 0.607099 0.607099
1025.131592 0.000000 718.422852 0.000000 0.716949 0.000000 0.697125 0.562499 0.562499 0.562499
1047.674683 0.000000 708.090759 0.000000 0.539448 0.000000 0.842019 0.547806 0.547806 0.547806
1046.065308 0.000000 709.982544 0.000000 0.490939 0.000000 -0.871194 0.860802 0.860802 0.860802
1027.833130 0.000000 720.742981 0.000000 0.288859 0.000000 0.957372 0.588350 0.588350 0.588350
1044.428345 0.000000 725.412292 0.000000 0.910802 0.000000 0.412843 0.638271 0.638271 0.638271
1044.595337 0.000000 731.429443 0.000000 0.196091 0.000000 -0.980586 0.858412 0.858412 0.858412
1046.510254 0.000000 706.117004 0.000000 0.398291 0.000000 0.917259 0.590423 0.590423 0.590423
1045.649414 0.000000 723.690063 0.000000 0.595092 0.000000 -0.803657 0.866385 0.866385 0.866385
1025.958618 0.000000 720.159973 0.000000 0.633531 0.000000 -0.773717 0.857699 0.857699 0.857699
1042.388306 0.000000 724.790222 0.000000 0.330250 0.000000 -0.943893 0.876867 0.876867 0.876867
1044.925293 0.000000 729.412048 0.000000 0.713544 0.000000 -0.700610 0.838370 0.838370 0.838370
1044.083130 0.000000 706.298645 0.000000 0.671017 0.000000 0.741442 0.608045 0.608045 0.608045
1030.954956 0.000000 704.438293 0.000000 0.966190 0.000000 0.257832 0.669922 0.669922 0.669922
1044.846436 0.000000 722.371948 0.000000 0.858994 0.000000 0.511985 0.604190 0.604190 0.604190
1028.573608 0.000000 705.643188 0.000000 0.880892 0.000000 0.473317 0.615558 0.615558 0.615558
1047.444702 0.000000 709.601318 0.000000 0.426869 0.000000 0.904313 0.528230 0.528230 0.528230
1045.059326 0.000000 709.156250 0.000000 0.861510 0.000000 0.507740 0.605069 0.605069 0.605069
"}
