object={
	name="tree_dragonbarrow_high_generator_3_0"
	render_pass=Map
	clamp_to_water_level=no
	generated_content=yes
	layer="tree_high_layer"
	pdxmesh="tree_dragonbarrow_c_mesh"
	count=194
	transform="1256.229492 0.000000 392.517883 0.000000 0.607972 0.000000 -0.793958 0.826931 0.826931 0.826931
1260.203247 0.000000 394.974731 0.000000 0.059239 0.000000 0.998244 0.759245 0.759245 0.759245
1257.515503 0.000000 388.321686 0.000000 0.877870 0.000000 0.478899 0.772172 0.772172 0.772172
1226.184814 0.000000 573.250305 0.000000 0.676131 0.000000 0.736781 0.749378 0.749378 0.749378
1227.188354 0.000000 559.445618 0.000000 0.334830 0.000000 -0.942278 0.859665 0.859665 0.859665
1231.169678 0.000000 557.859680 0.000000 0.993681 0.000000 -0.112240 0.805796 0.805796 0.805796
1163.203979 0.000000 623.414368 0.000000 0.837245 0.000000 0.546828 0.795840 0.795840 0.795840
1173.209961 0.000000 611.673889 0.000000 0.222260 0.000000 -0.974988 0.830662 0.830662 0.830662
1176.596191 0.000000 614.440979 0.000000 0.588137 0.000000 0.808761 0.742427 0.742427 0.742427
1172.488281 0.000000 615.905884 0.000000 0.403883 0.000000 -0.914811 0.844292 0.844292 0.844292
1159.820801 0.000000 620.992676 0.000000 0.998658 0.000000 0.051788 0.797703 0.797703 0.797703
1156.121216 0.000000 617.863525 0.000000 0.986393 0.000000 -0.164407 0.807620 0.807620 0.807620
1167.074463 0.000000 625.602417 0.000000 0.302340 0.000000 0.953200 0.722771 0.722771 0.722771
1212.028442 0.000000 633.873596 0.000000 0.649680 0.000000 0.760208 0.747219 0.747219 0.747219
1213.342773 0.000000 620.995422 0.000000 0.999301 0.000000 0.037390 0.799104 0.799104 0.799104
1197.193848 0.000000 628.600220 0.000000 0.026739 0.000000 -0.999642 0.869386 0.869386 0.869386
1208.588379 0.000000 614.440979 0.000000 0.778719 0.000000 0.627373 0.776432 0.776432 0.776432
1204.480469 0.000000 615.905884 0.000000 0.999733 0.000000 0.023104 0.798768 0.798768 0.798768
1191.812988 0.000000 620.992676 0.000000 0.964873 0.000000 -0.262716 0.816247 0.816247 0.816247
1199.177490 0.000000 621.828430 0.000000 0.301181 0.000000 -0.953567 0.877303 0.877303 0.877303
1193.522339 0.000000 626.807495 0.000000 0.305982 0.000000 -0.952037 0.858878 0.858878 0.858878
1210.045410 0.000000 630.856750 0.000000 0.036598 0.000000 -0.999330 0.887328 0.887328 0.887328
1244.020630 0.000000 601.889221 0.000000 0.877248 0.000000 -0.480038 0.828800 0.828800 0.828800
1241.549438 0.000000 594.130737 0.000000 0.463903 0.000000 0.885886 0.777827 0.777827 0.777827
1237.194336 0.000000 579.689514 0.000000 0.430523 0.000000 -0.902580 0.824282 0.824282 0.824282
1226.490967 0.000000 575.893921 0.000000 0.413745 0.000000 0.910393 0.758179 0.758179 0.758179
1240.881958 0.000000 605.907654 0.000000 0.949427 0.000000 0.313988 0.780480 0.780480 0.780480
1236.472656 0.000000 583.921509 0.000000 0.318494 0.000000 -0.947925 0.849299 0.849299 0.849299
1243.386475 0.000000 585.980164 0.000000 0.947699 0.000000 0.319165 0.781120 0.781120 0.781120
1223.890503 0.000000 606.780029 0.000000 0.907690 0.000000 0.419642 0.773534 0.773534 0.773534
1276.012817 0.000000 601.889221 0.000000 0.207571 0.000000 0.978220 0.755942 0.755942 0.755942
1273.541626 0.000000 594.130737 0.000000 0.963238 0.000000 -0.268648 0.816623 0.816623 0.816623
1255.914917 0.000000 598.391846 0.000000 0.116998 0.000000 0.993132 0.751229 0.751229 0.751229
1266.368408 0.000000 592.279114 0.000000 0.766173 0.000000 0.642634 0.777418 0.777418 0.777418
1261.178223 0.000000 596.615845 0.000000 0.965113 0.000000 0.261835 0.783809 0.783809 0.783809
1255.797363 0.000000 589.008301 0.000000 0.295028 0.000000 0.955489 0.728397 0.728397 0.728397
1247.946289 0.000000 601.270569 0.000000 0.780673 0.000000 -0.624940 0.824268 0.824268 0.824268
1244.020630 0.000000 633.873596 0.000000 0.891677 0.000000 -0.452673 0.828710 0.828710 0.828710
1229.886597 0.000000 611.532959 0.000000 0.890478 0.000000 0.455026 0.797170 0.797170 0.797170
1243.227295 0.000000 608.079346 0.000000 0.998099 0.000000 -0.061629 0.801626 0.801626 0.801626
1221.395508 0.000000 608.094666 0.000000 0.948901 0.000000 0.315574 0.794998 0.794998 0.794998
1235.862793 0.000000 638.664001 0.000000 0.063566 0.000000 0.997978 0.762071 0.762071 0.762071
1219.786499 0.000000 622.360840 0.000000 0.970469 0.000000 -0.241227 0.809051 0.809051 0.809051
1231.358154 0.000000 635.663086 0.000000 0.659346 0.000000 0.751840 0.782667 0.782667 0.782667
1238.521240 0.000000 633.924133 0.000000 0.278379 0.000000 0.960471 0.726646 0.726646 0.726646
1233.450317 0.000000 607.982544 0.000000 0.807902 0.000000 -0.589317 0.817370 0.817370 0.817370
1221.388916 0.000000 626.601868 0.000000 0.456335 0.000000 -0.889808 0.823661 0.823661 0.823661
1219.983521 0.000000 632.630859 0.000000 0.784683 0.000000 0.619897 0.783174 0.783174 0.783174
1216.060547 0.000000 624.781006 0.000000 0.014420 0.000000 -0.999896 0.841964 0.841964 0.841964
1215.954102 0.000000 633.254944 0.000000 0.999373 0.000000 0.035410 0.798430 0.798430 0.798430
1239.476318 0.000000 608.415283 0.000000 0.632198 0.000000 0.774806 0.768664 0.768664 0.768664
1242.037598 0.000000 630.856750 0.000000 0.976546 0.000000 0.215310 0.790638 0.790638 0.790638
1219.831421 0.000000 629.443542 0.000000 0.216804 0.000000 -0.976215 0.882644 0.882644 0.882644
1238.309448 0.000000 625.892761 0.000000 0.987576 0.000000 -0.157144 0.809455 0.809455 0.809455
1230.455200 0.000000 608.562988 0.000000 0.999970 0.000000 -0.007742 0.800473 0.800473 0.800473
1276.012817 0.000000 633.873596 0.000000 0.568728 0.000000 0.822526 0.770486 0.770486 0.770486
1266.294922 0.000000 630.655945 0.000000 0.451883 0.000000 -0.892077 0.851499 0.851499 0.851499
1256.229492 0.000000 616.408508 0.000000 0.705200 0.000000 -0.709008 0.845331 0.845331 0.845331
1270.513428 0.000000 633.924133 0.000000 0.282258 0.000000 -0.959339 0.874663 0.874663 0.874663
1277.921143 0.000000 629.602051 0.000000 0.204242 0.000000 0.978920 0.769736 0.769736 0.769736
1251.975708 0.000000 632.630859 0.000000 0.299331 0.000000 -0.954149 0.862241 0.862241 0.862241
1278.327271 0.000000 625.773926 0.000000 0.729399 0.000000 -0.684088 0.827535 0.827535 0.827535
1263.042480 0.000000 632.030457 0.000000 0.591317 0.000000 0.806439 0.749974 0.749974 0.749974
1267.168335 0.000000 633.890747 0.000000 0.744964 0.000000 -0.667105 0.844634 0.844634 0.844634
1273.281006 0.000000 634.979065 0.000000 0.590158 0.000000 0.807288 0.702047 0.702047 0.702047
1252.875854 0.000000 638.544617 0.000000 0.328188 0.000000 0.944612 0.697766 0.697766 0.697766
1255.882690 0.000000 638.764404 0.000000 0.225779 0.000000 -0.974179 0.928755 0.928755 0.928755
1260.545776 0.000000 635.592163 0.000000 0.524438 0.000000 -0.851449 0.862261 0.862261 0.862261
1178.158569 0.000000 643.336670 0.000000 0.993482 0.000000 0.113991 0.793018 0.793018 0.793018
1184.872070 0.000000 644.415771 0.000000 0.200105 0.000000 -0.979774 0.873842 0.873842 0.873842
1198.463013 0.000000 640.547363 0.000000 0.574071 0.000000 -0.818806 0.858630 0.858630 0.858630
1202.423584 0.000000 642.557251 0.000000 0.251728 0.000000 0.967798 0.719552 0.719552 0.719552
1237.194336 0.000000 643.658264 0.000000 0.830854 0.000000 0.556490 0.781613 0.781613 0.781613
1245.334961 0.000000 652.979797 0.000000 0.558319 0.000000 -0.829626 0.847486 0.847486 0.847486
1233.450317 0.000000 639.966919 0.000000 0.910907 0.000000 -0.412611 0.816819 0.816819 0.816819
1231.169678 0.000000 653.812805 0.000000 0.792310 0.000000 0.610119 0.759895 0.759895 0.759895
1219.099243 0.000000 642.028992 0.000000 0.538191 0.000000 0.842823 0.743537 0.743537 0.743537
1236.419312 0.000000 640.721130 0.000000 0.977732 0.000000 -0.209856 0.812922 0.812922 0.812922
1253.387695 0.000000 640.079041 0.000000 0.877633 0.000000 -0.479334 0.827257 0.827257 0.827257
1269.186523 0.000000 643.658264 0.000000 0.178143 0.000000 0.984004 0.724118 0.724118 0.724118
1272.572754 0.000000 646.425354 0.000000 0.562695 0.000000 -0.826664 0.846647 0.846647 0.846647
1270.762451 0.000000 654.826111 0.000000 0.882693 0.000000 -0.469951 0.828434 0.828434 0.828434
1265.455933 0.000000 645.257141 0.000000 0.898580 0.000000 -0.438809 0.826674 0.826674 0.826674
1278.327271 0.000000 657.758301 0.000000 0.757251 0.000000 -0.653124 0.843496 0.843496 0.843496
1257.506714 0.000000 658.791870 0.000000 0.963108 0.000000 -0.269116 0.812898 0.812898 0.812898
1270.301636 0.000000 657.877136 0.000000 0.807513 0.000000 -0.589850 0.836666 0.836666 0.836666
1258.726318 0.000000 661.992981 0.000000 0.100828 0.000000 -0.994904 0.889827 0.889827 0.889827
1290.169189 0.000000 637.219055 0.000000 0.044287 0.000000 -0.999019 0.835671 0.835671 0.835671
1280.675903 0.000000 629.203064 0.000000 0.560034 0.000000 -0.828470 0.874297 0.874297 0.874297
1282.468384 0.000000 636.973938 0.000000 0.971391 0.000000 -0.237487 0.804597 0.804597 0.804597
1279.803345 0.000000 620.138306 0.000000 0.007210 0.000000 0.999974 0.761589 0.761589 0.761589
1308.005005 0.000000 665.857971 0.000000 0.385520 0.000000 -0.922699 0.866884 0.866884 0.866884
1280.044922 0.000000 656.765381 0.000000 0.647701 0.000000 0.761895 0.751212 0.751212 0.751212
1291.521362 0.000000 664.888855 0.000000 0.940163 0.000000 0.340724 0.778751 0.778751 0.778751
1312.668091 0.000000 661.187439 0.000000 0.133096 0.000000 0.991103 0.737133 0.737133 0.737133
1310.508057 0.000000 672.075195 0.000000 0.671398 0.000000 0.741097 0.748987 0.748987 0.748987
1339.997192 0.000000 697.842346 0.000000 0.561988 0.000000 0.827146 0.744558 0.744558 0.744558
1317.372070 0.000000 672.063416 0.000000 0.008409 0.000000 -0.999965 0.890805 0.890805 0.890805
1315.763062 0.000000 686.329590 0.000000 0.638601 0.000000 0.769538 0.784216 0.784216 0.784216
1340.882324 0.000000 678.433533 0.000000 0.096682 0.000000 -0.995315 0.830027 0.830027 0.830027
1311.868530 0.000000 673.316345 0.000000 0.888739 0.000000 -0.458414 0.829104 0.829104 0.829104
1327.334717 0.000000 699.631836 0.000000 0.758079 0.000000 0.652163 0.762967 0.762967 0.762967
1341.905518 0.000000 693.570801 0.000000 0.033869 0.000000 -0.999426 0.876433 0.876433 0.876433
1321.499878 0.000000 676.181030 0.000000 0.471830 0.000000 0.881689 0.748906 0.748906 0.748906
1336.557129 0.000000 678.409729 0.000000 0.297014 0.000000 -0.954873 0.866162 0.866162 0.866162
1332.449219 0.000000 679.874634 0.000000 0.999948 0.000000 0.010207 0.799706 0.799706 0.799706
1319.781738 0.000000 684.961426 0.000000 0.550425 0.000000 0.834885 0.759156 0.759156 0.759156
1338.014160 0.000000 694.825500 0.000000 0.958636 0.000000 -0.284633 0.817639 0.817639 0.817639
1339.363037 0.000000 681.933289 0.000000 0.763754 0.000000 -0.645507 0.842884 0.842884 0.842884
1327.035400 0.000000 689.571167 0.000000 0.513282 0.000000 -0.858220 0.863059 0.863059 0.863059
1319.977173 0.000000 673.547119 0.000000 0.782197 0.000000 -0.623031 0.841107 0.841107 0.841107
1344.660278 0.000000 693.171814 0.000000 0.589392 0.000000 0.807847 0.782531 0.782531 0.782531
1369.518188 0.000000 690.083862 0.000000 0.214619 0.000000 0.976698 0.723712 0.723712 0.723712
1351.891479 0.000000 694.344971 0.000000 0.421360 0.000000 0.906893 0.767333 0.767333 0.767333
1359.326904 0.000000 699.631836 0.000000 0.930692 0.000000 -0.365803 0.811219 0.811219 0.811219
1366.614868 0.000000 693.316406 0.000000 0.407363 0.000000 -0.913266 0.847595 0.847595 0.847595
1351.773926 0.000000 684.961426 0.000000 0.230315 0.000000 -0.973116 0.861749 0.861749 0.861749
1359.027588 0.000000 689.571167 0.000000 0.995090 0.000000 -0.098979 0.806059 0.806059 0.806059
1363.144897 0.000000 697.859497 0.000000 0.635845 0.000000 -0.771817 0.865507 0.865507 0.865507
1379.747437 0.000000 686.329590 0.000000 0.995374 0.000000 -0.096078 0.802076 0.802076 0.802076
1383.883667 0.000000 694.344971 0.000000 0.971472 0.000000 -0.237153 0.806886 0.806886 0.806886
1381.349854 0.000000 690.570618 0.000000 0.333827 0.000000 -0.942634 0.867826 0.867826 0.867826
1375.779907 0.000000 684.107056 0.000000 0.997710 0.000000 -0.067638 0.801785 0.801785 0.801785
1375.915039 0.000000 697.223694 0.000000 0.761085 0.000000 0.648652 0.778855 0.778855 0.778855
1382.377319 0.000000 699.888916 0.000000 0.541489 0.000000 0.840708 0.738971 0.738971 0.738971
1339.203857 0.000000 704.032471 0.000000 0.703902 0.000000 0.710297 0.755983 0.755983 0.755983
1308.005005 0.000000 761.811096 0.000000 0.999999 0.000000 0.001710 0.799896 0.799896 0.799896
1298.287109 0.000000 758.593445 0.000000 0.910961 0.000000 0.412492 0.774014 0.774014 0.774014
1295.342529 0.000000 763.600586 0.000000 0.636259 0.000000 -0.771476 0.851741 0.851741 0.851741
1306.021973 0.000000 758.794250 0.000000 0.992214 0.000000 0.124542 0.794838 0.794838 0.794838
1299.160522 0.000000 761.828247 0.000000 0.434226 0.000000 0.900804 0.740188 0.740188 0.740188
1312.668091 0.000000 757.140564 0.000000 0.344165 0.000000 0.938909 0.792693 0.792693 0.792693
1341.952271 0.000000 765.993591 0.000000 0.719659 0.000000 -0.694328 0.846905 0.846905 0.846905
1341.905518 0.000000 757.539551 0.000000 0.342226 0.000000 -0.939618 0.830740 0.830740 0.830740
1334.622681 0.000000 757.285156 0.000000 0.944526 0.000000 0.328438 0.780550 0.780550 0.780550
1311.930664 0.000000 761.192444 0.000000 0.156863 0.000000 -0.987620 0.849114 0.849114 0.849114
1315.807983 0.000000 757.381042 0.000000 0.918577 0.000000 0.395243 0.775167 0.775167 0.775167
1340.024048 0.000000 755.433350 0.000000 0.194521 0.000000 0.980898 0.715965 0.715965 0.715965
1339.504272 0.000000 764.508789 0.000000 0.625472 0.000000 -0.780246 0.854702 0.854702 0.854702
1352.206055 0.000000 712.361633 0.000000 0.933499 0.000000 0.358579 0.779784 0.779784 0.779784
1372.874512 0.000000 710.417908 0.000000 0.665420 0.000000 0.746469 0.737387 0.737387 0.737387
1348.511230 0.000000 708.776245 0.000000 0.144273 0.000000 0.989538 0.733355 0.733355 0.733355
1356.179810 0.000000 714.818481 0.000000 0.975063 0.000000 -0.221926 0.813677 0.813677 0.813677
1371.355225 0.000000 713.917664 0.000000 0.006799 0.000000 -0.999977 0.895585 0.895585 0.895585
1374.492432 0.000000 704.059570 0.000000 0.889945 0.000000 -0.456069 0.828943 0.828943 0.828943
1349.602295 0.000000 711.367310 0.000000 0.333505 0.000000 -0.942748 0.875220 0.875220 0.875220
1353.610474 0.000000 714.391907 0.000000 0.507303 0.000000 0.861767 0.712244 0.712244 0.712244
1354.153564 0.000000 765.156555 0.000000 0.925408 0.000000 0.378973 0.799534 0.799534 0.799534
1347.755249 0.000000 750.298340 0.000000 0.504504 0.000000 0.863409 0.766286 0.766286 0.766286
1362.344971 0.000000 752.200989 0.000000 0.993582 0.000000 0.113117 0.796672 0.796672 0.796672
1366.489990 0.000000 761.861633 0.000000 0.774752 0.000000 0.632265 0.758168 0.758168 0.758168
1344.029297 0.000000 752.718506 0.000000 0.712595 0.000000 0.701575 0.754340 0.754340 0.754340
1358.058105 0.000000 743.292847 0.000000 0.145617 0.000000 0.989341 0.752198 0.752198 0.752198
1353.483276 0.000000 754.744995 0.000000 0.394898 0.000000 0.918725 0.757426 0.757426 0.757426
1357.923950 0.000000 767.117737 0.000000 0.051499 0.000000 -0.998673 0.892851 0.892851 0.892851
1359.019043 0.000000 759.967957 0.000000 0.738711 0.000000 -0.674023 0.845204 0.845204 0.845204
1351.462646 0.000000 752.110229 0.000000 0.435867 0.000000 0.900011 0.736260 0.736260 0.736260
1296.581543 0.000000 778.077271 0.000000 0.607780 0.000000 -0.794105 0.814844 0.814844 0.814844
1308.890137 0.000000 774.386658 0.000000 0.188791 0.000000 -0.982017 0.843851 0.843851 0.843851
1291.521362 0.000000 792.826355 0.000000 0.501744 0.000000 0.865016 0.741759 0.741759 0.741759
1297.448120 0.000000 773.194641 0.000000 0.999532 0.000000 0.030575 0.798919 0.798919 0.798919
1294.073730 0.000000 775.277222 0.000000 0.621262 0.000000 -0.783603 0.855031 0.855031 0.855031
1288.727051 0.000000 793.840515 0.000000 0.499845 0.000000 0.866115 0.735989 0.735989 0.735989
1339.997192 0.000000 793.795471 0.000000 0.942374 0.000000 -0.334561 0.819214 0.819214 0.819214
1312.668091 0.000000 789.124939 0.000000 0.933832 0.000000 0.357712 0.777643 0.777643 0.777643
1317.372070 0.000000 768.016541 0.000000 0.795827 0.000000 -0.605525 0.809743 0.809743 0.809743
1331.839355 0.000000 798.585876 0.000000 0.564471 0.000000 -0.825453 0.857016 0.857016 0.857016
1320.213867 0.000000 776.330383 0.000000 0.869281 0.000000 0.494319 0.776145 0.776145 0.776145
1341.952271 0.000000 797.977966 0.000000 0.943806 0.000000 0.330499 0.779414 0.779414 0.779414
1319.781738 0.000000 780.914551 0.000000 0.710131 0.000000 0.704070 0.752262 0.752262 0.752262
1323.043945 0.000000 774.781738 0.000000 0.691346 0.000000 -0.722524 0.838704 0.838704 0.838704
1315.075806 0.000000 769.966492 0.000000 0.554261 0.000000 -0.832343 0.853026 0.853026 0.853026
1288.221680 0.000000 808.314758 0.000000 0.867495 0.000000 -0.497445 0.831820 0.831820 0.831820
1295.342529 0.000000 827.569336 0.000000 0.984693 0.000000 -0.174299 0.805144 0.805144 0.805144
1297.434692 0.000000 799.888794 0.000000 0.802219 0.000000 0.597030 0.788500 0.788500 0.788500
1309.960083 0.000000 829.962341 0.000000 0.271378 0.000000 -0.962473 0.833390 0.833390 0.833390
1294.439575 0.000000 800.469238 0.000000 0.938188 0.000000 -0.346127 0.821601 0.821601 0.821601
1298.678589 0.000000 828.312805 0.000000 0.202322 0.000000 -0.979319 0.896655 0.896655 0.896655
1320.213867 0.000000 808.314758 0.000000 0.659732 0.000000 -0.751501 0.812228 0.812228 0.812228
1319.899292 0.000000 822.282471 0.000000 0.886689 0.000000 -0.462367 0.808064 0.808064 0.808064
1329.426880 0.000000 799.888794 0.000000 0.531355 0.000000 0.847149 0.763063 0.763063 0.763063
1324.187622 0.000000 810.771606 0.000000 0.570630 0.000000 0.821208 0.769402 0.769402 0.769402
1326.065918 0.000000 807.261597 0.000000 0.643711 0.000000 0.765269 0.750918 0.750918 0.750918
1321.491089 0.000000 818.713745 0.000000 0.999918 0.000000 0.012829 0.799447 0.799447 0.799447
1319.470459 0.000000 816.078979 0.000000 0.436530 0.000000 0.899690 0.731608 0.731608 0.731608
1344.423462 0.000000 775.549988 0.000000 0.629270 0.000000 -0.777187 0.814934 0.814934 0.814934
1344.660278 0.000000 789.124939 0.000000 0.258404 0.000000 0.966037 0.772540 0.772540 0.772540
1346.452759 0.000000 796.895813 0.000000 0.879448 0.000000 0.475995 0.778301 0.778301 0.778301
1352.206055 0.000000 776.330383 0.000000 0.993371 0.000000 -0.114954 0.806213 0.806213 0.806213
1348.511230 0.000000 772.744995 0.000000 0.968650 0.000000 0.248430 0.791877 0.791877 0.791877
1347.952271 0.000000 792.552734 0.000000 0.915858 0.000000 -0.401502 0.822032 0.822032 0.822032
1353.483276 0.000000 786.729370 0.000000 0.110763 0.000000 0.993847 0.744021 0.744021 0.744021
1358.423950 0.000000 768.484863 0.000000 0.905251 0.000000 0.424876 0.777388 0.777388 0.777388
1307.211670 0.000000 831.969971 0.000000 0.293314 0.000000 -0.956016 0.852634 0.852634 0.852634
"}
