object={
	name="tree_pine_01_a_generator_1_0"
	render_pass=Map
	clamp_to_water_level=no
	generated_content=yes
	layer="tree_high_layer"
	pdxmesh="tree_pine_single_01_a_mesh"
	count=13
	transform="3050.045654 0.000000 735.815796 0.000000 0.668274 0.000000 0.743915 1.000000 1.000000 1.000000
3050.622070 0.000000 742.797363 0.000000 0.807364 0.000000 0.590053 1.000000 1.000000 1.000000
3068.406738 0.000000 751.630432 0.000000 0.808715 0.000000 0.588201 1.000000 1.000000 1.000000
3056.804688 0.000000 748.441101 0.000000 0.850419 0.000000 0.526105 1.000000 1.000000 1.000000
3051.402832 0.000000 740.599731 0.000000 0.389158 0.000000 0.921171 1.000000 1.000000 1.000000
3056.261475 0.000000 750.219666 0.000000 0.222204 0.000000 0.975000 1.000000 1.000000 1.000000
3058.051758 0.000000 742.503723 0.000000 0.377780 0.000000 0.925895 1.000000 1.000000 1.000000
3053.111572 0.000000 746.383057 0.000000 0.367698 0.000000 0.929945 1.000000 1.000000 1.000000
3054.837646 0.000000 746.439453 0.000000 0.648511 0.000000 0.761205 1.000000 1.000000 1.000000
3057.099365 0.000000 751.196167 0.000000 0.835841 0.000000 0.548972 1.000000 1.000000 1.000000
3052.945801 0.000000 735.656860 0.000000 0.402318 0.000000 0.915500 1.000000 1.000000 1.000000
3069.272705 0.000000 750.107544 0.000000 0.306051 0.000000 0.952015 1.000000 1.000000 1.000000
3048.240234 0.000000 739.595398 0.000000 0.744371 0.000000 0.667767 1.000000 1.000000 1.000000
"}
object={
	name="tree_pine_01_a_generator_1_1"
	render_pass=Map
	clamp_to_water_level=no
	generated_content=yes
	layer="tree_high_layer"
	pdxmesh="tree_pine_single_01_b_mesh"
	count=20
	transform="3063.395020 0.000000 746.608459 0.000000 0.983874 0.000000 0.178865 1.000000 1.000000 1.000000
3056.151855 0.000000 746.092896 0.000000 0.963306 0.000000 0.268404 1.000000 1.000000 1.000000
3053.644043 0.000000 743.292847 0.000000 0.998267 0.000000 -0.058854 1.000000 1.000000 1.000000
3061.864014 0.000000 753.830261 0.000000 0.909934 0.000000 -0.414752 1.000000 1.000000 1.000000
3057.401611 0.000000 743.912354 0.000000 0.916197 0.000000 0.400729 1.000000 1.000000 1.000000
3054.042725 0.000000 747.453247 0.000000 0.983817 0.000000 0.179175 1.000000 1.000000 1.000000
3059.835938 0.000000 750.713379 0.000000 0.979599 0.000000 -0.200962 1.000000 1.000000 1.000000
3058.500000 0.000000 745.973694 0.000000 0.999991 0.000000 -0.004303 1.000000 1.000000 1.000000
3064.206543 0.000000 751.978760 0.000000 0.910401 0.000000 -0.413727 1.000000 1.000000 1.000000
3059.963623 0.000000 752.852173 0.000000 0.897040 0.000000 0.441950 1.000000 1.000000 1.000000
3057.900391 0.000000 750.156128 0.000000 0.942961 0.000000 0.332903 1.000000 1.000000 1.000000
3065.713623 0.000000 752.542236 0.000000 0.942516 0.000000 0.334161 1.000000 1.000000 1.000000
3065.362061 0.000000 746.501404 0.000000 0.975299 0.000000 -0.220891 1.000000 1.000000 1.000000
3048.635254 0.000000 738.681396 0.000000 0.988531 0.000000 -0.151018 1.000000 1.000000 1.000000
3068.149902 0.000000 750.197632 0.000000 0.876910 0.000000 -0.480655 1.000000 1.000000 1.000000
3058.926025 0.000000 743.354553 0.000000 0.975322 0.000000 -0.220789 1.000000 1.000000 1.000000
3049.775635 0.000000 738.538086 0.000000 0.992573 0.000000 0.121654 1.000000 1.000000 1.000000
3052.040527 0.000000 745.707397 0.000000 0.999950 0.000000 0.009988 1.000000 1.000000 1.000000
3069.374512 0.000000 751.171753 0.000000 0.900728 0.000000 0.434384 1.000000 1.000000 1.000000
3071.365967 0.000000 748.075806 0.000000 0.900405 0.000000 -0.435054 1.000000 1.000000 1.000000
"}
object={
	name="tree_pine_01_a_generator_1_2"
	render_pass=Map
	clamp_to_water_level=no
	generated_content=yes
	layer="tree_high_layer"
	pdxmesh="tree_pine_single_01_c_mesh"
	count=19
	transform="3053.509766 0.000000 735.133362 0.000000 0.340877 0.000000 -0.940108 1.000000 1.000000 1.000000
3051.856201 0.000000 733.689392 0.000000 0.147625 0.000000 -0.989043 1.000000 1.000000 1.000000
3050.498047 0.000000 735.002441 0.000000 0.714192 0.000000 -0.699950 1.000000 1.000000 1.000000
3052.134277 0.000000 735.020020 0.000000 0.746359 0.000000 -0.665543 1.000000 1.000000 1.000000
3053.042236 0.000000 734.007202 0.000000 0.797937 0.000000 -0.602741 1.000000 1.000000 1.000000
3062.324951 0.000000 750.779236 0.000000 0.604259 0.000000 -0.796788 1.000000 1.000000 1.000000
3069.889648 0.000000 753.711426 0.000000 0.153735 0.000000 -0.988112 1.000000 1.000000 1.000000
3066.015137 0.000000 750.747498 0.000000 0.763238 0.000000 -0.646117 1.000000 1.000000 1.000000
3065.481445 0.000000 748.187805 0.000000 0.221256 0.000000 -0.975216 1.000000 1.000000 1.000000
3062.542480 0.000000 744.302612 0.000000 0.445660 0.000000 -0.895202 1.000000 1.000000 1.000000
3070.262451 0.000000 750.586792 0.000000 0.523971 0.000000 -0.851736 1.000000 1.000000 1.000000
3064.782715 0.000000 745.001892 0.000000 0.581425 0.000000 -0.813600 1.000000 1.000000 1.000000
3067.144043 0.000000 753.281250 0.000000 0.675365 0.000000 -0.737484 1.000000 1.000000 1.000000
3067.064209 0.000000 749.215698 0.000000 0.663798 0.000000 -0.747912 1.000000 1.000000 1.000000
3049.440430 0.000000 737.453796 0.000000 0.481936 0.000000 -0.876206 1.000000 1.000000 1.000000
3055.304443 0.000000 748.286804 0.000000 0.293252 0.000000 -0.956035 1.000000 1.000000 1.000000
3067.010742 0.000000 751.744751 0.000000 0.530267 0.000000 -0.847831 1.000000 1.000000 1.000000
3053.168457 0.000000 744.493591 0.000000 0.221631 0.000000 -0.975131 1.000000 1.000000 1.000000
3063.541016 0.000000 750.928955 0.000000 0.535236 0.000000 -0.844703 1.000000 1.000000 1.000000
"}
