object={
	name="tree_leaf_high_generator_3_0"
	render_pass=Map
	clamp_to_water_level=no
	generated_content=yes
	layer="tree_high_layer"
	pdxmesh="tree_leaf_01_c_mesh"
	count=6
	transform="829.436584 0.000000 237.182892 0.000000 0.889387 0.000000 -0.457155 0.810810 0.810810 0.810810
1952.511841 0.000000 1332.859375 0.000000 0.459702 0.000000 -0.888073 0.805895 0.805895 0.805895
3423.280029 0.000000 939.982056 0.000000 0.028140 0.000000 0.999604 0.702023 0.702023 0.702023
3468.639160 0.000000 916.459595 0.000000 0.106280 0.000000 0.994336 0.753499 0.753499 0.753499
3460.842041 0.000000 946.445618 0.000000 0.182139 0.000000 0.983273 0.632051 0.632051 0.632051
3462.947021 0.000000 944.016479 0.000000 0.638753 0.000000 -0.769412 0.877326 0.877326 0.877326
"}
