object={
	name="tree_sellia_single_generator_1_0"
	render_pass=Map
	clamp_to_water_level=no
	generated_content=yes
	layer="tree_high_layer"
	pdxmesh="tree_sellia_single_a_mesh"
	count=73
	transform="1180.036255 0.000000 537.920471 0.000000 0.945110 0.000000 0.326752 0.688366 0.688366 0.688366
1170.391846 0.000000 528.310364 0.000000 0.977824 0.000000 0.209427 0.635105 0.635105 0.635105
1174.661743 0.000000 533.394531 0.000000 0.868196 0.000000 -0.496221 0.792556 0.792556 0.792556
1171.639282 0.000000 531.464172 0.000000 0.201137 0.000000 0.979563 0.252849 0.252849 0.252849
1182.799194 0.000000 537.286621 0.000000 0.860383 0.000000 0.509648 0.604674 0.604674 0.604674
1173.021729 0.000000 535.661194 0.000000 0.847592 0.000000 -0.530649 0.764518 0.764518 0.764518
1173.321045 0.000000 522.636047 0.000000 0.673617 0.000000 -0.739081 0.842440 0.842440 0.842440
1175.838257 0.000000 535.843323 0.000000 0.927951 0.000000 -0.372703 0.752060 0.752060 0.752060
1172.296875 0.000000 526.822754 0.000000 0.710309 0.000000 0.703890 0.644051 0.644051 0.644051
1172.397095 0.000000 533.506042 0.000000 0.352455 0.000000 -0.935829 1.072351 1.072351 1.072351
1183.510010 0.000000 535.169128 0.000000 0.964272 0.000000 -0.264914 0.740295 0.740295 0.740295
1168.259521 0.000000 527.874939 0.000000 0.930467 0.000000 0.366376 0.652801 0.652801 0.652801
1169.722900 0.000000 530.315186 0.000000 0.249263 0.000000 0.968436 0.524832 0.524832 0.524832
1172.424438 0.000000 528.961548 0.000000 0.810607 0.000000 -0.585591 0.814797 0.814797 0.814797
1170.361328 0.000000 526.265503 0.000000 0.777128 0.000000 -0.629343 0.814201 0.814201 0.814201
1173.618164 0.000000 531.783813 0.000000 0.629280 0.000000 -0.777179 0.953570 0.953570 0.953570
1170.357056 0.000000 532.883972 0.000000 0.999812 0.000000 0.019399 0.696542 0.696542 0.696542
1173.899536 0.000000 528.281372 0.000000 0.992518 0.000000 -0.122097 0.722460 0.722460 0.722460
1168.722412 0.000000 526.329041 0.000000 0.558204 0.000000 -0.829704 0.823130 0.823130 0.823130
1174.410645 0.000000 534.940918 0.000000 0.469070 0.000000 -0.883161 0.847565 0.847565 0.847565
1182.040405 0.000000 535.967896 0.000000 0.188854 0.000000 0.982005 0.492476 0.492476 0.492476
1172.982788 0.000000 525.484619 0.000000 0.181147 0.000000 0.983456 0.452469 0.452469 0.452469
1172.815186 0.000000 530.465698 0.000000 0.941849 0.000000 0.336037 0.602378 0.602378 0.602378
1171.191528 0.000000 530.038452 0.000000 0.800967 0.000000 -0.598709 0.909768 0.909768 0.909768
1170.455811 0.000000 523.573547 0.000000 0.969696 0.000000 0.244314 0.661181 0.661181 0.661181
1168.687012 0.000000 529.299072 0.000000 0.719025 0.000000 0.694984 0.560345 0.560345 0.560345
1173.087524 0.000000 524.091370 0.000000 0.865968 0.000000 0.500099 0.606646 0.606646 0.606646
1171.995117 0.000000 523.178223 0.000000 0.243451 0.000000 0.969913 0.491620 0.491620 0.491620
1172.520874 0.000000 532.261597 0.000000 0.946248 0.000000 0.323442 0.598696 0.598696 0.598696
1173.577393 0.000000 532.958557 0.000000 0.947144 0.000000 -0.320809 0.800449 0.800449 0.800449
1171.272705 0.000000 528.966858 0.000000 0.553174 0.000000 -0.833066 1.002846 1.002846 1.002846
1170.275513 0.000000 529.372131 0.000000 0.121038 0.000000 0.992648 0.254183 0.254183 0.254183
1170.714966 0.000000 530.934265 0.000000 0.698799 0.000000 -0.715318 0.960484 0.960484 0.960484
1183.961914 0.000000 537.301819 0.000000 0.714663 0.000000 0.699469 0.561915 0.561915 0.561915
1187.839233 0.000000 533.490417 0.000000 0.593283 0.000000 -0.804994 0.821001 0.821001 0.821001
1185.839844 0.000000 535.424377 0.000000 0.997817 0.000000 -0.066045 0.707970 0.707970 0.707970
1183.815308 0.000000 534.961609 0.000000 0.378595 0.000000 0.925562 0.522277 0.522277 0.522277
1189.510742 0.000000 532.534790 0.000000 0.638397 0.000000 -0.769707 0.832014 0.832014 0.832014
1186.345337 0.000000 532.581482 0.000000 0.799843 0.000000 0.600209 0.616748 0.616748 0.616748
1187.502319 0.000000 535.068115 0.000000 0.770993 0.000000 -0.636844 0.806174 0.806174 0.806174
1186.390259 0.000000 534.128906 0.000000 0.387604 0.000000 0.921826 0.519643 0.519643 0.519643
1201.471558 0.000000 549.304016 0.000000 0.925614 0.000000 -0.378469 0.725776 0.725776 0.725776
1210.045410 0.000000 566.888000 0.000000 0.744162 0.000000 0.667999 0.584945 0.584945 0.584945
1191.898315 0.000000 574.795654 0.000000 0.814768 0.000000 -0.579786 0.757284 0.757284 0.757284
1202.423584 0.000000 546.604126 0.000000 0.125021 0.000000 -0.992154 0.972812 0.972812 0.972812
1207.635620 0.000000 548.168884 0.000000 0.995819 0.000000 0.091351 0.687690 0.687690 0.687690
1206.026245 0.000000 550.060669 0.000000 0.741576 0.000000 0.670869 0.629317 0.629317 0.629317
1200.057983 0.000000 546.754578 0.000000 0.953541 0.000000 0.301263 0.645451 0.645451 0.645451
1208.659546 0.000000 560.072510 0.000000 0.895830 0.000000 -0.444396 0.766795 0.766795 0.766795
1209.963135 0.000000 569.000793 0.000000 0.978180 0.000000 -0.207758 0.731453 0.731453 0.731453
1203.146973 0.000000 548.161926 0.000000 0.626928 0.000000 -0.779077 0.798339 0.798339 0.798339
1208.346558 0.000000 569.506226 0.000000 0.998529 0.000000 -0.054213 0.708152 0.708152 0.708152
1207.969727 0.000000 561.649414 0.000000 0.493582 0.000000 -0.869700 0.847439 0.847439 0.847439
1202.796997 0.000000 544.989319 0.000000 0.003882 0.000000 -0.999992 0.872514 0.872514 0.872514
1201.200562 0.000000 545.585083 0.000000 0.676534 0.000000 0.736411 0.607420 0.607420 0.607420
1185.193481 0.000000 556.939148 0.000000 0.893841 0.000000 -0.448384 0.756879 0.756879 0.756879
1187.711914 0.000000 556.791016 0.000000 0.908038 0.000000 0.418888 0.630509 0.630509 0.630509
1201.309326 0.000000 547.675049 0.000000 0.463822 0.000000 0.885928 0.505973 0.505973 0.505973
1186.411255 0.000000 557.825256 0.000000 0.580790 0.000000 0.814053 0.547085 0.547085 0.547085
1211.144043 0.000000 568.047729 0.000000 0.437871 0.000000 -0.899038 0.848431 0.848431 0.848431
1209.143066 0.000000 567.852539 0.000000 0.758280 0.000000 -0.651929 0.826582 0.826582 0.826582
1187.045654 0.000000 559.558533 0.000000 0.853337 0.000000 -0.521360 0.797762 0.797762 0.797762
1209.148438 0.000000 563.390259 0.000000 0.655406 0.000000 0.755276 0.547401 0.547401 0.547401
1205.020264 0.000000 549.234375 0.000000 0.592425 0.000000 -0.805625 0.866976 0.866976 0.866976
1174.325073 0.000000 593.908386 0.000000 0.458401 0.000000 0.888745 0.535490 0.535490 0.535490
1176.667358 0.000000 592.056885 0.000000 0.622293 0.000000 -0.782784 0.773851 0.773851 0.773851
1172.424438 0.000000 592.930298 0.000000 0.975817 0.000000 -0.218588 0.715019 0.715019 0.715019
1175.977539 0.000000 593.633789 0.000000 0.240265 0.000000 0.970707 0.500388 0.500388 0.500388
1211.660889 0.000000 577.995605 0.000000 0.964512 0.000000 0.264038 0.652369 0.652369 0.652369
1212.896851 0.000000 576.702881 0.000000 0.989184 0.000000 0.146682 0.677103 0.677103 0.677103
1190.915894 0.000000 576.500793 0.000000 0.495848 0.000000 -0.868409 0.867297 0.867297 0.867297
1188.534546 0.000000 577.705688 0.000000 0.106387 0.000000 -0.994325 0.961000 0.961000 0.961000
1210.585693 0.000000 577.202820 0.000000 0.385271 0.000000 0.922803 0.490500 0.490500 0.490500
"}
