object={
	name="tree_caelid_high_generator_3_0"
	render_pass=Map
	clamp_to_water_level=no
	generated_content=yes
	layer="tree_high_layer"
	pdxmesh="tree_caelid_c_mesh"
	count=336
	transform="1020.075317 0.000000 505.936096 0.000000 0.376463 0.000000 -0.926432 0.831236 0.831236 0.831236
1022.838318 0.000000 505.302246 0.000000 0.745584 0.000000 0.666412 0.755423 0.755423 0.755423
1011.917480 0.000000 542.710876 0.000000 0.688354 0.000000 -0.725375 0.824800 0.824800 0.824800
995.841187 0.000000 526.407715 0.000000 0.994404 0.000000 -0.105648 0.805327 0.805327 0.805327
1021.389709 0.000000 525.042297 0.000000 0.826942 0.000000 -0.562287 0.836495 0.836495 0.836495
997.443665 0.000000 530.648743 0.000000 0.660464 0.000000 0.750858 0.749618 0.749618 0.749618
995.886108 0.000000 533.490417 0.000000 0.547515 0.000000 0.836796 0.748320 0.748320 0.748320
1008.882690 0.000000 542.317139 0.000000 0.646913 0.000000 0.762564 0.746997 0.746997 0.746997
1010.357422 0.000000 566.687195 0.000000 0.796577 0.000000 0.604538 0.789498 0.789498 0.789498
1011.917480 0.000000 574.695251 0.000000 0.770810 0.000000 -0.637065 0.822347 0.822347 0.822347
1007.412903 0.000000 571.694336 0.000000 0.192439 0.000000 0.981309 0.776071 0.776071 0.776071
1001.578003 0.000000 548.243530 0.000000 0.007086 0.000000 -0.999975 0.895567 0.895567 0.895567
1022.469604 0.000000 554.142456 0.000000 0.116415 0.000000 -0.993201 0.876671 0.876671 0.876671
939.258667 0.000000 623.414368 0.000000 0.645912 0.000000 0.763412 0.786989 0.786989 0.786989
1015.895020 0.000000 586.686584 0.000000 0.997375 0.000000 -0.072416 0.800782 0.800782 0.800782
1011.720642 0.000000 588.506470 0.000000 0.932255 0.000000 0.361803 0.778706 0.778706 0.778706
975.112854 0.000000 632.030457 0.000000 0.504403 0.000000 0.863468 0.746302 0.746302 0.746302
992.509338 0.000000 615.628113 0.000000 0.771920 0.000000 0.635720 0.784314 0.784314 0.784314
995.841187 0.000000 622.360840 0.000000 0.795793 0.000000 0.605569 0.776615 0.776615 0.776615
999.977356 0.000000 630.376221 0.000000 0.063515 0.000000 0.997981 0.779229 0.779229 0.779229
1022.030334 0.000000 638.056091 0.000000 0.992703 0.000000 -0.120581 0.806591 0.806591 0.806591
1021.983643 0.000000 629.602051 0.000000 0.927303 0.000000 -0.374313 0.820459 0.820459 0.820459
1022.389771 0.000000 625.773926 0.000000 0.855581 0.000000 -0.517669 0.827060 0.827060 0.827060
1018.515198 0.000000 622.809998 0.000000 0.923947 0.000000 -0.382520 0.821873 0.821873 0.821873
992.918945 0.000000 612.431396 0.000000 0.999733 0.000000 0.023118 0.798767 0.798767 0.798767
1020.102234 0.000000 627.495850 0.000000 0.762118 0.000000 0.647438 0.756961 0.756961 0.756961
949.264648 0.000000 643.658264 0.000000 0.160732 0.000000 -0.986998 0.868401 0.868401 0.868401
952.650818 0.000000 646.425354 0.000000 0.556995 0.000000 0.830516 0.762419 0.762419 0.762419
988.968201 0.000000 646.449158 0.000000 0.787431 0.000000 0.616402 0.761001 0.761001 0.761001
964.604919 0.000000 644.807495 0.000000 0.986222 0.000000 0.165426 0.789843 0.789843 0.789843
989.991455 0.000000 661.586426 0.000000 0.817709 0.000000 -0.575631 0.837487 0.837487 0.837487
969.585815 0.000000 644.196655 0.000000 0.866961 0.000000 -0.498375 0.827509 0.827509 0.827509
983.538818 0.000000 640.399658 0.000000 0.797418 0.000000 -0.603428 0.839590 0.839590 0.839590
963.161743 0.000000 642.028992 0.000000 0.148544 0.000000 0.988906 0.731853 0.731853 0.731853
1020.075317 0.000000 665.857971 0.000000 0.874986 0.000000 -0.484147 0.802423 0.802423 0.802423
1019.281921 0.000000 640.063721 0.000000 0.652637 0.000000 -0.757671 0.804636 0.804636 0.804636
1007.412903 0.000000 667.647461 0.000000 0.928293 0.000000 -0.371848 0.822372 0.822372 0.822372
997.443665 0.000000 658.586243 0.000000 0.859756 0.000000 0.510706 0.788117 0.788117 0.788117
999.548584 0.000000 656.157104 0.000000 0.394904 0.000000 -0.918722 0.871189 0.871189 0.871189
1209.557251 0.000000 370.240143 0.000000 0.355475 0.000000 -0.934686 0.873789 0.873789 0.873789
1220.883667 0.000000 382.669617 0.000000 0.308820 0.000000 -0.951120 0.876813 0.876813 0.876813
1075.901855 0.000000 446.757751 0.000000 0.121774 0.000000 0.992558 0.711461 0.711461 0.711461
1111.871582 0.000000 394.780334 0.000000 0.547743 0.000000 0.836647 0.739426 0.739426 0.739426
1099.219604 0.000000 399.523743 0.000000 0.458585 0.000000 -0.888650 0.851147 0.851147 0.851147
1101.217285 0.000000 404.709595 0.000000 0.464052 0.000000 -0.885808 0.839774 0.839774 0.839774
1108.503906 0.000000 392.015259 0.000000 0.966663 0.000000 0.256052 0.791001 0.791001 0.791001
1131.560425 0.000000 409.013855 0.000000 0.999805 0.000000 0.019762 0.798792 0.798792 0.798792
1139.199585 0.000000 410.000153 0.000000 0.258505 0.000000 -0.966010 0.880020 0.880020 0.880020
1103.389404 0.000000 443.756836 0.000000 0.439624 0.000000 -0.898182 0.868182 0.868182 0.868182
1118.006958 0.000000 446.149872 0.000000 0.207202 0.000000 0.978298 0.729814 0.729814 0.729814
1112.913208 0.000000 445.985779 0.000000 0.998377 0.000000 0.056950 0.798737 0.798737 0.798737
1094.447632 0.000000 444.013916 0.000000 0.660691 0.000000 0.750658 0.750653 0.750653 0.750653
1131.211792 0.000000 431.508118 0.000000 0.966724 0.000000 0.255821 0.793180 0.793180 0.793180
1133.910034 0.000000 419.626740 0.000000 0.276720 0.000000 -0.960951 0.847937 0.847937 0.847937
1128.260742 0.000000 424.502258 0.000000 0.766423 0.000000 -0.642336 0.827167 0.827167 0.827167
1127.946167 0.000000 438.469940 0.000000 0.946037 0.000000 0.324057 0.779831 0.779831 0.779831
1136.620605 0.000000 426.249146 0.000000 0.579107 0.000000 0.815252 0.759451 0.759451 0.759451
1124.006958 0.000000 440.724609 0.000000 0.822021 0.000000 0.569457 0.764062 0.764062 0.764062
1139.689331 0.000000 428.584595 0.000000 0.689891 0.000000 -0.723913 0.839285 0.839285 0.839285
1135.073730 0.000000 440.124176 0.000000 0.790608 0.000000 0.612323 0.773545 0.773545 0.773545
1131.090820 0.000000 422.953613 0.000000 0.623831 0.000000 0.781559 0.745707 0.745707 0.745707
1119.778198 0.000000 446.325287 0.000000 0.950205 0.000000 0.311625 0.783670 0.783670 0.783670
1128.024048 0.000000 417.672089 0.000000 0.184998 0.000000 0.982739 0.715372 0.715372 0.715372
1049.596313 0.000000 466.193268 0.000000 0.648946 0.000000 0.760835 0.784977 0.784977 0.784977
1053.975830 0.000000 469.680176 0.000000 0.175936 0.000000 0.984402 0.749052 0.749052 0.749052
1069.925659 0.000000 451.611115 0.000000 0.392486 0.000000 -0.919758 0.823783 0.823783 0.823783
1083.266357 0.000000 448.157440 0.000000 0.993292 0.000000 0.115637 0.795278 0.795278 0.795278
1064.276367 0.000000 456.486633 0.000000 0.742684 0.000000 0.669642 0.778019 0.778019 0.778019
1073.489380 0.000000 448.060638 0.000000 0.252553 0.000000 0.967583 0.775566 0.775566 0.775566
1066.530029 0.000000 447.956421 0.000000 0.123327 0.000000 -0.992366 0.829481 0.829481 0.829481
1086.014771 0.000000 478.134247 0.000000 0.990195 0.000000 0.139695 0.791434 0.791434 0.791434
1055.858032 0.000000 460.216431 0.000000 0.742775 0.000000 -0.669541 0.843076 0.843076 0.843076
1065.562378 0.000000 452.290436 0.000000 0.757600 0.000000 -0.652719 0.822158 0.822158 0.822158
1067.106445 0.000000 454.937988 0.000000 0.844096 0.000000 0.536192 0.766770 0.766770 0.766770
1052.067505 0.000000 505.936096 0.000000 0.269648 0.000000 -0.962959 0.827993 0.827993 0.827993
1035.235229 0.000000 495.476868 0.000000 0.071075 0.000000 0.997471 0.732608 0.732608 0.732608
1024.738403 0.000000 501.265564 0.000000 0.962757 0.000000 0.270369 0.798360 0.798360 0.798360
1049.596313 0.000000 498.177643 0.000000 0.472068 0.000000 0.881562 0.734693 0.734693 0.734693
1042.423096 0.000000 496.325989 0.000000 0.125350 0.000000 -0.992113 0.835501 0.835501 0.835501
1053.975830 0.000000 501.664551 0.000000 0.741488 0.000000 0.670966 0.770033 0.770033 0.770033
1029.435791 0.000000 498.664398 0.000000 0.873288 0.000000 0.487204 0.771948 0.771948 0.771948
1024.000977 0.000000 505.317444 0.000000 0.994720 0.000000 0.102622 0.796119 0.796119 0.796119
1050.084473 0.000000 502.919220 0.000000 0.598930 0.000000 -0.800801 0.842287 0.842287 0.842287
1027.878296 0.000000 501.506073 0.000000 0.166957 0.000000 -0.985964 0.884067 0.884067 0.884067
1046.356323 0.000000 497.955261 0.000000 0.970667 0.000000 -0.240428 0.814403 0.814403 0.814403
1081.588501 0.000000 498.177643 0.000000 0.657752 0.000000 -0.753234 0.813288 0.813288 0.813288
1058.523071 0.000000 509.036469 0.000000 0.886660 0.000000 -0.462422 0.809217 0.809217 0.809217
1085.374023 0.000000 493.057892 0.000000 0.997730 0.000000 -0.067344 0.801131 0.801131 0.801131
1078.560303 0.000000 505.986664 0.000000 0.995347 0.000000 -0.096350 0.803238 0.803238 0.803238
1060.022583 0.000000 504.693359 0.000000 0.702179 0.000000 0.712001 0.778162 0.778162 0.778162
1078.685181 0.000000 501.410156 0.000000 0.946623 0.000000 0.322344 0.790954 0.790954 0.790954
1080.619629 0.000000 486.503448 0.000000 0.636846 0.000000 -0.770991 0.835871 0.835871 0.835871
1083.425537 0.000000 490.027039 0.000000 0.940904 0.000000 0.338674 0.778884 0.778884 0.778884
1082.182007 0.000000 483.414764 0.000000 0.369344 0.000000 -0.929293 0.868593 0.868593 0.868593
1078.348511 0.000000 497.955261 0.000000 0.745041 0.000000 -0.667019 0.844189 0.844189 0.844189
1078.213989 0.000000 508.869354 0.000000 0.880879 0.000000 -0.473342 0.830135 0.830135 0.830135
1077.045166 0.000000 503.676849 0.000000 0.797560 0.000000 0.603240 0.761200 0.761200 0.761200
1099.219604 0.000000 463.492493 0.000000 0.897301 0.000000 0.441420 0.792604 0.792604 0.792604
1088.722778 0.000000 469.281189 0.000000 0.606245 0.000000 0.795278 0.791736 0.791736 0.791736
1091.817749 0.000000 462.438965 0.000000 0.949057 0.000000 0.315103 0.791165 0.791165 0.791165
1087.923218 0.000000 449.425720 0.000000 0.310856 0.000000 -0.950457 0.825561 0.825561 0.825561
1093.420166 0.000000 466.680023 0.000000 0.703094 0.000000 0.711097 0.781515 0.781515 0.781515
1103.200928 0.000000 461.906555 0.000000 0.575222 0.000000 -0.817998 0.831568 0.831568 0.831568
1107.697144 0.000000 460.568970 0.000000 0.937774 0.000000 -0.347247 0.818486 0.818486 0.818486
1115.417725 0.000000 458.042664 0.000000 0.649158 0.000000 0.760654 0.733194 0.733194 0.733194
1087.786011 0.000000 478.309662 0.000000 0.897524 0.000000 0.440967 0.772090 0.772090 0.772090
1118.554932 0.000000 448.184570 0.000000 0.124854 0.000000 0.992175 0.711650 0.711650 0.711650
1143.863770 0.000000 458.749084 0.000000 0.085901 0.000000 0.996304 0.736835 0.736835 0.736835
1131.211792 0.000000 463.492493 0.000000 0.660966 0.000000 -0.750416 0.850851 0.850851 0.850851
1128.260742 0.000000 456.486633 0.000000 0.989889 0.000000 -0.141846 0.807419 0.807419 0.807419
1123.809937 0.000000 462.438965 0.000000 0.681371 0.000000 0.731939 0.758179 0.758179 0.758179
1138.399658 0.000000 464.341614 0.000000 0.507992 0.000000 0.861362 0.747760 0.747760 0.747760
1119.915405 0.000000 449.425720 0.000000 0.620269 0.000000 0.784389 0.744892 0.744892 0.744892
1135.193115 0.000000 461.906555 0.000000 0.059985 0.000000 0.998199 0.722152 0.722152 0.722152
1146.483887 0.000000 462.888123 0.000000 0.333277 0.000000 -0.942829 0.875234 0.875234 0.875234
1145.950073 0.000000 460.328400 0.000000 0.856700 0.000000 -0.515815 0.836369 0.836369 0.836369
1091.817749 0.000000 494.423340 0.000000 0.461137 0.000000 0.887329 0.764030 0.764030 0.764030
1087.923218 0.000000 481.410095 0.000000 0.186489 0.000000 -0.982457 0.861330 0.861330 0.861330
1092.573730 0.000000 484.885620 0.000000 0.987343 0.000000 -0.158598 0.809543 0.809543 0.809543
1087.850220 0.000000 492.200806 0.000000 0.994412 0.000000 -0.105567 0.802915 0.802915 0.802915
1093.664795 0.000000 487.476715 0.000000 0.430218 0.000000 -0.902725 0.868820 0.868820 0.868820
1152.470337 0.000000 391.737457 0.000000 0.248058 0.000000 0.968745 0.719320 0.719320 0.719320
1163.203979 0.000000 399.523743 0.000000 0.979176 0.000000 -0.203014 0.809554 0.809554 0.809554
1174.536865 0.000000 410.033539 0.000000 0.602336 0.000000 0.798243 0.747937 0.747937 0.747937
1151.834595 0.000000 396.247681 0.000000 0.451087 0.000000 -0.892480 0.856166 0.856166 0.856166
1174.661743 0.000000 405.457031 0.000000 0.006345 0.000000 -0.999980 0.888113 0.888113 0.888113
1161.530151 0.000000 402.916840 0.000000 0.245795 0.000000 0.969322 0.731855 0.731855 0.731855
1175.491943 0.000000 384.524628 0.000000 0.982432 0.000000 0.186623 0.789989 0.789989 0.789989
1179.402100 0.000000 394.073914 0.000000 0.999956 0.000000 0.009359 0.799428 0.799428 0.799428
1194.192627 0.000000 413.328430 0.000000 0.541554 0.000000 -0.840666 0.810171 0.810171 0.810171
1202.310547 0.000000 406.765320 0.000000 0.995851 0.000000 -0.091003 0.804641 0.804641 0.804641
1186.491821 0.000000 413.083344 0.000000 0.459409 0.000000 -0.888225 0.865517 0.865517 0.865517
1193.531128 0.000000 388.321686 0.000000 0.181894 0.000000 0.983318 0.739295 0.739295 0.739295
1206.778076 0.000000 398.951111 0.000000 0.944354 0.000000 0.328930 0.784537 0.784537 0.784537
1197.963013 0.000000 415.289642 0.000000 0.242253 0.000000 -0.970213 0.881046 0.881046 0.881046
1191.501709 0.000000 400.282135 0.000000 0.988103 0.000000 0.153793 0.790563 0.790563 0.790563
1200.542236 0.000000 404.241241 0.000000 0.840929 0.000000 0.541146 0.765397 0.765397 0.765397
1179.242920 0.000000 416.173065 0.000000 0.984946 0.000000 0.172862 0.796877 0.796877 0.796877
1170.318359 0.000000 438.749695 0.000000 0.983940 0.000000 0.178498 0.794409 0.794409 0.794409
1177.565063 0.000000 434.208893 0.000000 0.716001 0.000000 -0.698099 0.819446 0.819446 0.819446
1165.201660 0.000000 436.693970 0.000000 0.432540 0.000000 0.901615 0.754225 0.754225 0.754225
1167.373779 0.000000 443.756836 0.000000 0.092736 0.000000 0.995691 0.766350 0.766350 0.766350
1174.536865 0.000000 442.017914 0.000000 0.953658 0.000000 0.300894 0.785533 0.785533 0.785533
1181.944580 0.000000 437.695801 0.000000 0.946123 0.000000 0.323807 0.783996 0.783996 0.783996
1176.897583 0.000000 445.985779 0.000000 0.647330 0.000000 0.762210 0.772476 0.772476 0.772476
1181.548096 0.000000 418.985199 0.000000 0.677985 0.000000 0.735075 0.749532 0.749532 0.749532
1167.065918 0.000000 440.124176 0.000000 0.781180 0.000000 0.624306 0.747482 0.747482 0.747482
1177.304443 0.000000 443.072815 0.000000 0.567880 0.000000 0.823111 0.740909 0.740909 0.740909
1221.395508 0.000000 384.204071 0.000000 0.809338 0.000000 -0.587343 0.838367 0.838367 0.838367
1152.707153 0.000000 469.281189 0.000000 0.990366 0.000000 0.138475 0.792509 0.792509 0.792509
1154.499634 0.000000 477.052094 0.000000 0.849572 0.000000 0.527472 0.783687 0.783687 0.783687
1155.999146 0.000000 472.708984 0.000000 0.595396 0.000000 -0.803433 0.822362 0.822362 0.822362
1152.076172 0.000000 464.859161 0.000000 0.325798 0.000000 -0.945439 0.828951 0.828951 0.828951
1151.969727 0.000000 473.333069 0.000000 0.369976 0.000000 0.929041 0.755726 0.755726 0.755726
1169.479370 0.000000 453.350861 0.000000 0.093502 0.000000 -0.995619 0.890277 0.890277 0.890277
1155.847046 0.000000 469.521698 0.000000 0.132817 0.000000 0.991141 0.721616 0.721616 0.721616
1160.016235 0.000000 449.656464 0.000000 0.071432 0.000000 -0.997445 0.891631 0.891631 0.891631
1154.345215 0.000000 466.792053 0.000000 0.307197 0.000000 -0.951646 0.876917 0.876917 0.876917
1186.491821 0.000000 477.052094 0.000000 0.001038 0.000000 -0.999999 0.813168 0.813168 0.813168
1191.930542 0.000000 470.454315 0.000000 0.141834 0.000000 -0.989891 0.833380 0.833380 0.833380
1183.899780 0.000000 449.425720 0.000000 0.616112 0.000000 0.787658 0.785327 0.785327 0.785327
1196.218872 0.000000 458.943481 0.000000 0.893717 0.000000 -0.448632 0.823415 0.823415 0.823415
1190.424194 0.000000 475.998291 0.000000 0.438188 0.000000 0.898883 0.720341 0.720341 0.720341
1195.075195 0.000000 454.937988 0.000000 0.523989 0.000000 -0.851725 0.862293 0.862293 0.862293
1192.750488 0.000000 473.996735 0.000000 0.918008 0.000000 0.396563 0.775323 0.775323 0.775323
1180.036255 0.000000 505.936096 0.000000 0.138060 0.000000 0.990424 0.724479 0.724479 0.724479
1181.350586 0.000000 493.057892 0.000000 0.683767 0.000000 0.729701 0.750015 0.750015 0.750015
1172.488281 0.000000 487.968384 0.000000 0.794908 0.000000 0.606731 0.766797 0.766797 0.766797
1179.402100 0.000000 490.027039 0.000000 0.604512 0.000000 -0.796596 0.877863 0.877863 0.877863
1195.196167 0.000000 495.476868 0.000000 0.007907 0.000000 -0.999969 0.895517 0.895517 0.895517
1203.870605 0.000000 510.726501 0.000000 0.744645 0.000000 -0.667461 0.835030 0.835030 0.835030
1202.384033 0.000000 496.325989 0.000000 0.980829 0.000000 0.194871 0.788014 0.788014 0.788014
1201.458130 0.000000 480.045013 0.000000 0.202626 0.000000 0.979256 0.716470 0.716470 0.716470
1183.961914 0.000000 505.317444 0.000000 0.957564 0.000000 0.288222 0.785110 0.785110 0.785110
1203.631470 0.000000 499.479767 0.000000 0.227682 0.000000 0.973736 0.724466 0.724466 0.724466
1198.463013 0.000000 480.625488 0.000000 0.952533 0.000000 0.304437 0.783318 0.783318 0.783318
1052.952637 0.000000 518.511658 0.000000 0.814130 0.000000 -0.580683 0.809281 0.809281 0.809281
1037.232910 0.000000 532.647095 0.000000 0.856253 0.000000 0.516557 0.766825 0.766825 0.766825
1033.561401 0.000000 530.854370 0.000000 0.169005 0.000000 -0.985615 0.876388 0.876388 0.876388
1031.540771 0.000000 528.219604 0.000000 0.808960 0.000000 0.587864 0.761594 0.761594 0.761594
1066.223877 0.000000 541.265930 0.000000 0.553964 0.000000 0.832540 0.739882 0.739882 0.739882
1063.844238 0.000000 525.039551 0.000000 0.859949 0.000000 0.510380 0.779460 0.779460 0.779460
1065.553589 0.000000 530.854370 0.000000 0.184017 0.000000 0.982923 0.715311 0.715311 0.715311
1056.903320 0.000000 516.478271 0.000000 0.868152 0.000000 -0.496298 0.823960 0.823960 0.823960
1047.887207 0.000000 554.702209 0.000000 0.314522 0.000000 0.949250 0.785760 0.785760 0.785760
1037.933472 0.000000 547.564209 0.000000 0.923261 0.000000 0.384173 0.789605 0.789605 0.789605
1042.349609 0.000000 566.687195 0.000000 0.854862 0.000000 0.518856 0.793790 0.793790 0.793790
1041.497192 0.000000 544.013794 0.000000 0.634442 0.000000 0.772970 0.771414 0.771414 0.771414
1023.865845 0.000000 556.169556 0.000000 0.999720 0.000000 0.023644 0.799263 0.799263 0.799263
1028.152466 0.000000 553.894775 0.000000 0.706984 0.000000 0.707230 0.773171 0.773171 0.773171
1041.510620 0.000000 549.304016 0.000000 0.899869 0.000000 0.436161 0.779718 0.779718 0.779718
1051.433350 0.000000 553.995789 0.000000 0.015586 0.000000 -0.999879 0.867092 0.867092 0.867092
1043.223022 0.000000 569.921997 0.000000 0.479402 0.000000 0.877595 0.735839 0.735839 0.735839
1038.502075 0.000000 544.594238 0.000000 0.452090 0.000000 0.891973 0.732670 0.732670 0.732670
1056.493774 0.000000 551.659363 0.000000 0.528390 0.000000 -0.849002 0.803038 0.803038 0.803038
1060.581543 0.000000 548.854370 0.000000 0.646016 0.000000 -0.763323 0.852555 0.852555 0.852555
1066.530029 0.000000 543.909546 0.000000 0.875737 0.000000 0.482788 0.774944 0.774944 0.774944
1065.562378 0.000000 548.243530 0.000000 0.769593 0.000000 -0.638535 0.837348 0.837348 0.837348
1064.039673 0.000000 545.609619 0.000000 0.293318 0.000000 -0.956015 0.873992 0.873992 0.873992
1061.672607 0.000000 551.445435 0.000000 0.994943 0.000000 -0.100441 0.806149 0.806149 0.806149
1115.558960 0.000000 572.602539 0.000000 0.153821 0.000000 0.988099 0.704952 0.704952 0.704952
1122.507446 0.000000 573.005188 0.000000 0.767338 0.000000 -0.641243 0.834202 0.834202 0.834202
1139.886230 0.000000 574.695251 0.000000 0.272972 0.000000 0.962022 0.783714 0.783714 0.783714
1138.399658 0.000000 560.294739 0.000000 0.453440 0.000000 -0.891287 0.867238 0.867238 0.867238
1135.082275 0.000000 561.633667 0.000000 0.898572 0.000000 0.438826 0.779041 0.779041 0.779041
1032.284180 0.000000 584.424133 0.000000 0.715528 0.000000 0.698584 0.758757 0.758757 0.758757
1045.241211 0.000000 579.689514 0.000000 0.981320 0.000000 0.192382 0.793156 0.793156 0.793156
1047.523193 0.000000 576.430908 0.000000 0.337402 0.000000 -0.941360 0.874967 0.874967 0.874967
1042.462646 0.000000 578.588501 0.000000 0.977212 0.000000 0.212266 0.786928 0.786928 0.786928
1066.223877 0.000000 605.234680 0.000000 0.967040 0.000000 -0.254625 0.806633 0.806633 0.806633
1075.901855 0.000000 606.679626 0.000000 0.471543 0.000000 -0.881843 0.838818 0.838818 0.838818
1071.397217 0.000000 603.678711 0.000000 0.983587 0.000000 0.180437 0.794673 0.794673 0.794673
1086.014771 0.000000 606.071716 0.000000 0.300956 0.000000 -0.953638 0.877317 0.877317 0.877317
1085.968018 0.000000 597.617676 0.000000 0.749794 0.000000 0.661671 0.778339 0.778339 0.778339
1082.076660 0.000000 598.872375 0.000000 0.995552 0.000000 -0.094213 0.804466 0.804466 0.804466
1075.662720 0.000000 595.432922 0.000000 0.357618 0.000000 -0.933868 0.873649 0.873649 0.873649
1035.235229 0.000000 623.414368 0.000000 0.091457 0.000000 0.995809 0.762775 0.762775 0.762775
1042.349609 0.000000 630.655945 0.000000 0.541213 0.000000 0.840886 0.746731 0.746731 0.746731
1039.405029 0.000000 635.663086 0.000000 0.918129 0.000000 -0.396282 0.824902 0.824902 0.824902
1029.435791 0.000000 626.601868 0.000000 0.908336 0.000000 -0.418241 0.826372 0.826372 0.826372
1024.107422 0.000000 624.781006 0.000000 0.284147 0.000000 -0.958781 0.839964 0.839964 0.839964
1039.105713 0.000000 625.602417 0.000000 0.783609 0.000000 -0.621255 0.828919 0.828919 0.828919
1043.223022 0.000000 633.890747 0.000000 0.130000 0.000000 0.991514 0.711968 0.711968 0.711968
1023.801575 0.000000 638.231506 0.000000 0.268745 0.000000 0.963211 0.729189 0.729189 0.729189
1026.376465 0.000000 626.713928 0.000000 0.699611 0.000000 -0.714524 0.844829 0.844829 0.844829
1067.227417 0.000000 623.414368 0.000000 0.974793 0.000000 -0.223112 0.813751 0.813751 0.813751
1074.341797 0.000000 630.655945 0.000000 0.995952 0.000000 -0.089885 0.805501 0.805501 0.805501
1064.276367 0.000000 616.408508 0.000000 0.946347 0.000000 -0.323153 0.804732 0.804732 0.804732
1078.560303 0.000000 633.924133 0.000000 0.136486 0.000000 0.990642 0.744156 0.744156 0.744156
1073.489380 0.000000 607.982544 0.000000 0.972474 0.000000 -0.233011 0.810850 0.810850 0.810850
1067.106445 0.000000 614.859863 0.000000 0.192977 0.000000 0.981203 0.715868 0.715868 0.715868
1072.573486 0.000000 628.131897 0.000000 0.327689 0.000000 -0.944786 0.875596 0.875596 0.875596
1088.722778 0.000000 597.218689 0.000000 0.797728 0.000000 0.603017 0.768974 0.768974 0.768974
1115.258545 0.000000 576.094971 0.000000 0.045870 0.000000 0.998947 0.715941 0.715941 0.715941
1090.515259 0.000000 604.989563 0.000000 0.287935 0.000000 0.957650 0.766288 0.766288 0.766288
1109.225586 0.000000 579.689514 0.000000 0.412333 0.000000 0.911033 0.687411 0.687411 0.687411
1105.481567 0.000000 575.998169 0.000000 0.695235 0.000000 -0.718782 0.826431 0.826431 0.826431
1087.985352 0.000000 601.270569 0.000000 0.041452 0.000000 -0.999141 0.863227 0.863227 0.863227
1118.366333 0.000000 593.789551 0.000000 0.999994 0.000000 -0.003582 0.800155 0.800155 0.800155
1097.545776 0.000000 594.823120 0.000000 0.755959 0.000000 -0.654619 0.838913 0.838913 0.838913
1111.507568 0.000000 576.430908 0.000000 0.670171 0.000000 -0.742207 0.839589 0.839589 0.839589
1102.486450 0.000000 576.578613 0.000000 0.694559 0.000000 -0.719436 0.849075 0.849075 0.849075
1087.786011 0.000000 606.247131 0.000000 0.558216 0.000000 -0.829696 0.859805 0.859805 0.859805
1108.450562 0.000000 576.752380 0.000000 0.752144 0.000000 0.658999 0.750424 0.750424 0.750424
1092.914917 0.000000 606.560242 0.000000 0.117997 0.000000 0.993014 0.715580 0.715580 0.715580
1106.447021 0.000000 578.588501 0.000000 0.511594 0.000000 0.859227 0.736821 0.736821 0.736821
1131.211792 0.000000 591.429993 0.000000 0.939897 0.000000 -0.341459 0.813780 0.813780 0.813780
1147.250732 0.000000 576.094971 0.000000 0.385143 0.000000 0.922857 0.728163 0.728163 0.728163
1139.886230 0.000000 606.679626 0.000000 0.971794 0.000000 -0.235831 0.814122 0.814122 0.814122
1146.166382 0.000000 579.367920 0.000000 0.668293 0.000000 0.743899 0.754763 0.754763 0.754763
1146.483887 0.000000 590.825623 0.000000 0.708533 0.000000 0.705677 0.756817 0.756817 0.756817
1136.851440 0.000000 606.285889 0.000000 0.929489 0.000000 0.368851 0.779176 0.779176 0.779176
1106.333984 0.000000 630.655945 0.000000 0.837690 0.000000 -0.546146 0.829425 0.829425 0.829425
1093.426758 0.000000 608.094666 0.000000 0.372074 0.000000 0.928203 0.760799 0.760799 0.760799
1091.817749 0.000000 622.360840 0.000000 0.506442 0.000000 0.862274 0.695339 0.695339 0.695339
1109.225586 0.000000 611.673889 0.000000 0.928930 0.000000 0.370255 0.776820 0.776820 0.776820
1117.366211 0.000000 620.995422 0.000000 0.057895 0.000000 -0.998323 0.892460 0.892460 0.892460
1087.923218 0.000000 609.347595 0.000000 0.841449 0.000000 0.540336 0.786661 0.786661 0.786661
1093.420166 0.000000 626.601868 0.000000 0.354070 0.000000 -0.935219 0.857222 0.857222 0.857222
1088.091797 0.000000 624.781006 0.000000 0.034288 0.000000 0.999412 0.751207 0.751207 0.751207
1100.242310 0.000000 618.865356 0.000000 0.956385 0.000000 0.292109 0.789166 0.789166 0.789166
1108.503906 0.000000 615.905884 0.000000 0.027367 0.000000 -0.999625 0.880456 0.880456 0.880456
1102.120605 0.000000 615.355347 0.000000 0.926714 0.000000 0.375768 0.784766 0.784766 0.784766
1111.507568 0.000000 608.415283 0.000000 0.029070 0.000000 -0.999577 0.855425 0.855425 0.855425
1090.360840 0.000000 626.713928 0.000000 0.874826 0.000000 0.484438 0.769093 0.769093 0.769093
1109.037354 0.000000 631.614319 0.000000 0.996925 0.000000 -0.078361 0.804794 0.804794 0.804794
1141.217773 0.000000 611.673889 0.000000 0.167219 0.000000 0.985920 0.737802 0.737802 0.737802
1137.473755 0.000000 607.982544 0.000000 0.792057 0.000000 0.610448 0.763804 0.763804 0.763804
1119.842407 0.000000 620.138306 0.000000 0.464055 0.000000 0.885807 0.745229 0.745229 0.745229
1180.921387 0.000000 518.511658 0.000000 0.116332 0.000000 0.993210 0.779960 0.779960 0.779960
1179.402100 0.000000 522.011414 0.000000 0.227925 0.000000 -0.973679 0.850614 0.850614 0.850614
1207.848145 0.000000 522.717834 0.000000 0.857293 0.000000 -0.514828 0.831756 0.831756 0.831756
1209.557251 0.000000 530.161987 0.000000 0.400048 0.000000 0.916494 0.786803 0.786803 0.786803
1187.794312 0.000000 526.407715 0.000000 0.803358 0.000000 0.595496 0.766366 0.766366 0.766366
1193.531128 0.000000 516.259155 0.000000 0.233751 0.000000 0.972297 0.735215 0.735215 0.735215
1206.778076 0.000000 526.888611 0.000000 0.973769 0.000000 -0.227538 0.809628 0.809628 0.809628
1206.317261 0.000000 529.939636 0.000000 0.932808 0.000000 0.360374 0.777027 0.777027 0.777027
1206.182739 0.000000 540.853760 0.000000 0.448827 0.000000 0.893619 0.732446 0.732446 0.732446
1195.452026 0.000000 514.399231 0.000000 0.508568 0.000000 -0.861022 0.863394 0.863394 0.863394
1189.296387 0.000000 524.281494 0.000000 0.998792 0.000000 0.049131 0.795906 0.795906 0.795906
1216.691528 0.000000 533.249939 0.000000 0.722388 0.000000 -0.691488 0.809607 0.809607 0.809607
1221.388916 0.000000 530.648743 0.000000 0.949519 0.000000 0.313710 0.789867 0.789867 0.789867
1218.329590 0.000000 530.760803 0.000000 0.736974 0.000000 -0.675921 0.845361 0.845361 0.845361
1052.067505 0.000000 665.857971 0.000000 0.730896 0.000000 -0.682489 0.808551 0.808551 0.808551
1035.235229 0.000000 655.398743 0.000000 0.355511 0.000000 -0.934672 0.839787 0.839787 0.839787
1049.596313 0.000000 658.099487 0.000000 0.999451 0.000000 0.033136 0.798292 0.798292 0.798292
1023.938782 0.000000 641.331970 0.000000 0.985034 0.000000 0.172363 0.791800 0.791800 0.791800
1037.232910 0.000000 660.584595 0.000000 0.376578 0.000000 0.926385 0.781544 0.781544 0.781544
1039.405029 0.000000 667.647461 0.000000 0.809316 0.000000 -0.587373 0.837240 0.837240 0.837240
1053.975830 0.000000 661.586426 0.000000 0.524248 0.000000 -0.851565 0.821979 0.821979 0.821979
1029.435791 0.000000 658.586243 0.000000 0.955178 0.000000 -0.296033 0.818367 0.818367 0.818367
1036.257935 0.000000 650.849731 0.000000 0.642946 0.000000 -0.765912 0.822478 0.822478 0.822478
1046.692993 0.000000 661.332031 0.000000 0.462203 0.000000 0.886774 0.733365 0.733365 0.733365
1031.852051 0.000000 652.977051 0.000000 0.960451 0.000000 -0.278448 0.817245 0.817245 0.817245
1039.097168 0.000000 664.014832 0.000000 0.203603 0.000000 0.979054 0.688708 0.688708 0.688708
1056.730591 0.000000 661.187439 0.000000 0.934803 0.000000 0.355165 0.793256 0.793256 0.793256
1064.276367 0.000000 648.392883 0.000000 0.882174 0.000000 0.470923 0.770033 0.770033 0.770033
1078.560303 0.000000 665.908508 0.000000 0.032538 0.000000 0.999470 0.705989 0.705989 0.705989
1068.250122 0.000000 650.849731 0.000000 0.883165 0.000000 -0.469062 0.829838 0.829838 0.829838
1070.128418 0.000000 647.339722 0.000000 0.492204 0.000000 -0.870480 0.864549 0.864549 0.864549
1042.423096 0.000000 688.232239 0.000000 0.750795 0.000000 0.660535 0.755903 0.755903 0.755903
1043.712769 0.000000 684.459595 0.000000 0.982392 0.000000 -0.186832 0.810022 0.810022 0.810022
1054.381958 0.000000 689.742676 0.000000 0.969725 0.000000 -0.244201 0.815077 0.815077 0.815077
1043.670532 0.000000 691.386047 0.000000 0.285133 0.000000 0.958488 0.745477 0.745477 0.745477
1079.879395 0.000000 682.639709 0.000000 0.146793 0.000000 -0.989167 0.851174 0.851174 0.851174
1072.636230 0.000000 682.124146 0.000000 0.766350 0.000000 0.642423 0.766141 0.766141 0.766141
1076.511719 0.000000 679.874634 0.000000 0.601641 0.000000 -0.798767 0.851557 0.851557 0.851557
1099.219604 0.000000 655.398743 0.000000 0.052397 0.000000 -0.998626 0.892796 0.892796 0.892796
1106.407471 0.000000 656.247864 0.000000 0.578336 0.000000 0.815799 0.762841 0.762841 0.762841
1110.552490 0.000000 665.908508 0.000000 0.278646 0.000000 -0.960394 0.824703 0.824703 0.824703
1110.677368 0.000000 661.332031 0.000000 0.755064 0.000000 0.655651 0.770010 0.770010 0.770010
1105.494995 0.000000 645.257141 0.000000 0.999991 0.000000 0.004328 0.799857 0.799857 0.799857
1107.697144 0.000000 652.475220 0.000000 0.051088 0.000000 -0.998694 0.873755 0.873755 0.873755
1102.120605 0.000000 647.339722 0.000000 0.778567 0.000000 0.627561 0.758538 0.758538 0.758538
1103.090088 0.000000 657.586792 0.000000 0.992455 0.000000 0.122611 0.794476 0.794476 0.794476
1120.714966 0.000000 661.187439 0.000000 0.803708 0.000000 -0.595024 0.838949 0.838949 0.838949
1141.217773 0.000000 643.658264 0.000000 0.997470 0.000000 0.071091 0.795652 0.795652 0.795652
1131.560425 0.000000 664.888855 0.000000 0.117696 0.000000 -0.993050 0.888790 0.888790 0.888790
1140.496094 0.000000 647.890259 0.000000 0.928124 0.000000 0.372272 0.776687 0.776687 0.776687
1143.499756 0.000000 640.399658 0.000000 0.848202 0.000000 -0.529672 0.828095 0.828095 0.828095
1140.442749 0.000000 640.721130 0.000000 0.976915 0.000000 0.213630 0.788132 0.788132 0.788132
1116.937012 0.000000 678.433533 0.000000 0.915360 0.000000 -0.402636 0.813656 0.813656 0.813656
1115.417725 0.000000 681.933289 0.000000 0.493146 0.000000 0.869947 0.735517 0.735517 0.735517
1120.478149 0.000000 679.596863 0.000000 0.681478 0.000000 0.731838 0.769500 0.769500 0.769500
1147.250732 0.000000 672.048096 0.000000 0.398860 0.000000 0.917012 0.729074 0.729074 0.729074
1128.260742 0.000000 680.377258 0.000000 0.014415 0.000000 -0.999896 0.824246 0.824246 0.824246
1124.129028 0.000000 681.832275 0.000000 0.067110 0.000000 -0.997746 0.845948 0.845948 0.845948
1149.555908 0.000000 674.860168 0.000000 0.857944 0.000000 -0.513744 0.821983 0.821983 0.821983
1146.166382 0.000000 675.321045 0.000000 0.109050 0.000000 -0.994036 0.871808 0.871808 0.871808
1042.349609 0.000000 726.609070 0.000000 0.992570 0.000000 -0.121675 0.802850 0.802850 0.802850
1029.442383 0.000000 704.047791 0.000000 0.983079 0.000000 0.183179 0.796578 0.796578 0.796578
1027.833374 0.000000 718.313965 0.000000 0.045560 0.000000 -0.998962 0.893215 0.893215 0.893215
1045.241211 0.000000 707.627014 0.000000 0.633780 0.000000 -0.773514 0.854049 0.854049 0.854049
1043.223022 0.000000 729.843872 0.000000 0.943676 0.000000 0.330870 0.781007 0.781007 0.781007
1151.770386 0.000000 670.215881 0.000000 0.717589 0.000000 0.696467 0.755683 0.755683 0.755683
1151.907593 0.000000 673.316345 0.000000 0.528459 0.000000 0.848959 0.747749 0.747749 0.747749
"}
