object={
	name="tree_pine_01_b_generator_1_0"
	render_pass=Map
	clamp_to_water_level=no
	generated_content=yes
	layer="tree_high_layer"
	pdxmesh="tree_pine_01_b_mesh"
	count=11
	transform="3049.739502 0.000000 733.172180 0.000000 0.131098 0.000000 -0.991369 0.400000 0.400000 0.400000
3053.441406 0.000000 739.470459 0.000000 0.138792 0.000000 -0.990322 0.400000 0.400000 0.400000
3065.104004 0.000000 754.052612 0.000000 0.825338 0.000000 -0.564639 0.400000 0.400000 0.400000
3057.930908 0.000000 752.200989 0.000000 0.478231 0.000000 0.878234 0.400000 0.400000 0.400000
3068.889648 0.000000 748.932922 0.000000 0.846930 0.000000 0.531704 0.400000 0.400000 0.400000
3060.027344 0.000000 743.843384 0.000000 0.382530 0.000000 0.923943 0.400000 0.400000 0.400000
3054.724365 0.000000 749.765930 0.000000 0.391403 0.000000 0.920219 0.400000 0.400000 0.400000
3057.018555 0.000000 741.210266 0.000000 0.923162 0.000000 0.384412 0.400000 0.400000 0.400000
3059.220703 0.000000 748.428345 0.000000 0.307699 0.000000 0.951484 0.400000 0.400000 0.400000
3066.941162 0.000000 745.902039 0.000000 0.578375 0.000000 -0.815771 0.400000 0.400000 0.400000
3057.970459 0.000000 738.510376 0.000000 0.992487 0.000000 -0.122350 0.400000 0.400000 0.400000
"}
