object={
	name="tree_dragonbarrow_single_generator_1_0"
	render_pass=Map
	clamp_to_water_level=no
	generated_content=yes
	layer="tree_high_layer"
	pdxmesh="tree_dragonbarrow_single_a_mesh"
	count=345
	transform="1276.012817 0.000000 377.998596 0.000000 0.169070 0.000000 0.985604 0.472317 0.472317 0.472317
1278.775757 0.000000 377.364746 0.000000 0.763047 0.000000 -0.646343 0.790885 0.790885 0.790885
1279.371460 0.000000 379.856079 0.000000 0.833178 0.000000 0.553004 0.628318 0.628318 0.628318
1277.284546 0.000000 379.601837 0.000000 0.888313 0.000000 -0.459238 0.785051 0.785051 0.785051
1278.016968 0.000000 376.046051 0.000000 0.973364 0.000000 -0.229264 0.729915 0.729915 0.729915
1277.309082 0.000000 377.363647 0.000000 0.045131 0.000000 0.998981 0.452043 0.452043 0.452043
1272.572754 0.000000 390.550323 0.000000 0.637176 0.000000 0.770719 0.575437 0.575437 0.575437
1277.524658 0.000000 387.000824 0.000000 0.908824 0.000000 -0.417179 0.772949 0.772949 0.772949
1274.135132 0.000000 387.461639 0.000000 0.963117 0.000000 -0.269085 0.715236 0.715236 0.715236
1271.619995 0.000000 388.247009 0.000000 0.103176 0.000000 -0.994663 0.853868 0.853868 0.853868
1270.010620 0.000000 390.138794 0.000000 0.804351 0.000000 0.594155 0.647744 0.647744 0.647744
1274.749268 0.000000 391.701721 0.000000 0.736237 0.000000 0.676724 0.657133 0.657133 0.657133
1278.699341 0.000000 388.945618 0.000000 0.834548 0.000000 0.550936 0.620464 0.620464 0.620464
1275.040894 0.000000 389.443542 0.000000 0.988609 0.000000 -0.150506 0.717426 0.717426 0.717426
1279.285034 0.000000 387.263489 0.000000 0.368067 0.000000 0.929799 0.545608 0.545608 0.545608
1273.197632 0.000000 388.895721 0.000000 0.935289 0.000000 0.353885 0.635522 0.635522 0.635522
1277.006958 0.000000 389.055542 0.000000 0.095686 0.000000 -0.995412 0.962917 0.962917 0.962917
1272.299927 0.000000 391.947968 0.000000 0.912622 0.000000 -0.408805 0.759615 0.759615 0.759615
1283.967896 0.000000 376.755859 0.000000 0.911696 0.000000 -0.410866 0.748096 0.748096 0.748096
1279.938477 0.000000 377.379944 0.000000 0.932201 0.000000 0.361942 0.652106 0.652106 0.652106
1282.143433 0.000000 378.531830 0.000000 0.284812 0.000000 0.958583 0.585741 0.585741 0.585741
1280.647827 0.000000 378.655548 0.000000 0.006460 0.000000 0.999979 0.478562 0.478562 0.478562
1281.056396 0.000000 376.604248 0.000000 0.065968 0.000000 0.997822 0.431768 0.431768 0.431768
1279.702393 0.000000 387.152008 0.000000 0.963378 0.000000 0.268146 0.664893 0.664893 0.664893
1234.302734 0.000000 566.687195 0.000000 0.611315 0.000000 -0.791387 0.843611 0.843611 0.843611
1229.955200 0.000000 575.211487 0.000000 0.476703 0.000000 0.879064 0.508574 0.508574 0.508574
1232.534424 0.000000 564.163147 0.000000 0.998939 0.000000 -0.046048 0.707165 0.707165 0.707165
1228.301392 0.000000 573.767517 0.000000 0.956847 0.000000 -0.290592 0.727309 0.727309 0.727309
1226.943359 0.000000 575.080566 0.000000 0.177888 0.000000 0.984051 0.454311 0.454311 0.454311
1234.341431 0.000000 564.868347 0.000000 0.446207 0.000000 0.894930 0.546993 0.546993 0.546993
1232.573120 0.000000 567.204773 0.000000 0.973134 0.000000 -0.230241 0.741413 0.741413 0.741413
1233.053101 0.000000 565.803467 0.000000 0.311592 0.000000 -0.950216 0.895030 0.895030 0.895030
1228.579468 0.000000 575.098145 0.000000 0.867958 0.000000 -0.496637 0.792642 0.792642 0.792642
1169.479370 0.000000 613.272766 0.000000 0.043729 0.000000 -0.999043 0.868125 0.868125 0.868125
1178.158569 0.000000 611.352295 0.000000 0.945703 0.000000 -0.325032 0.715620 0.715620 0.715620
1170.431396 0.000000 610.572876 0.000000 0.556447 0.000000 0.830883 0.525188 0.525188 0.525188
1162.470581 0.000000 620.830994 0.000000 0.008231 0.000000 0.999966 0.555272 0.555272 0.555272
1164.420532 0.000000 626.063293 0.000000 0.747675 0.000000 0.664065 0.570545 0.570545 0.570545
1157.304199 0.000000 620.234619 0.000000 0.498399 0.000000 0.866948 0.551503 0.551503 0.551503
1175.643433 0.000000 612.137634 0.000000 0.884017 0.000000 0.467456 0.647297 0.647297 0.647297
1158.519165 0.000000 618.091187 0.000000 0.893223 0.000000 -0.449614 0.726894 0.726894 0.726894
1168.065796 0.000000 610.723328 0.000000 0.146874 0.000000 0.989155 0.538313 0.538313 0.538313
1179.064331 0.000000 613.334167 0.000000 0.114352 0.000000 0.993440 0.598207 0.598207 0.598207
1163.221802 0.000000 627.967224 0.000000 0.967170 0.000000 -0.254128 0.730534 0.730534 0.730534
1160.024048 0.000000 619.209290 0.000000 0.996476 0.000000 -0.083875 0.710126 0.710126 0.710126
1171.154785 0.000000 612.130676 0.000000 0.281571 0.000000 0.959540 0.475372 0.475372 0.475372
1177.221069 0.000000 612.786377 0.000000 0.999187 0.000000 0.040328 0.692809 0.692809 0.692809
1162.826538 0.000000 625.832092 0.000000 0.997405 0.000000 0.071992 0.691563 0.691563 0.691563
1176.245239 0.000000 610.576782 0.000000 0.669725 0.000000 0.742609 0.599077 0.599077 0.599077
1169.317139 0.000000 611.643799 0.000000 0.922088 0.000000 -0.386980 0.745137 0.745137 0.745137
1164.174927 0.000000 624.606323 0.000000 0.149068 0.000000 0.988827 0.451638 0.451638 0.451638
1165.649414 0.000000 625.289551 0.000000 0.969895 0.000000 -0.243524 0.742990 0.742990 0.742990
1157.227905 0.000000 618.739929 0.000000 0.998931 0.000000 0.046226 0.691757 0.691757 0.691757
1165.395142 0.000000 627.081177 0.000000 0.885122 0.000000 -0.465359 0.786282 0.786282 0.786282
1161.169800 0.000000 621.279419 0.000000 0.035382 0.000000 -0.999374 0.973692 0.973692 0.973692
1195.196167 0.000000 623.414368 0.000000 0.082762 0.000000 -0.996569 0.884621 0.884621 0.884621
1212.913574 0.000000 614.464783 0.000000 0.763777 0.000000 -0.645480 0.724524 0.724524 0.724524
1194.462769 0.000000 620.830994 0.000000 0.989060 0.000000 0.147515 0.684993 0.684993 0.684993
1196.412720 0.000000 626.063293 0.000000 0.651069 0.000000 -0.759019 0.820486 0.820486 0.820486
1210.764893 0.000000 615.592346 0.000000 0.136817 0.000000 -0.990596 0.855325 0.855325 0.855325
1209.235840 0.000000 617.064392 0.000000 0.039863 0.000000 -0.999205 0.887279 0.887279 0.887279
1193.184326 0.000000 622.619934 0.000000 0.996699 0.000000 0.081191 0.685512 0.685512 0.685512
1198.756592 0.000000 627.483948 0.000000 0.556368 0.000000 -0.830936 0.818267 0.818267 0.818267
1196.106567 0.000000 629.538269 0.000000 0.840805 0.000000 0.541338 0.598034 0.598034 0.598034
1197.737671 0.000000 629.736450 0.000000 0.963295 0.000000 -0.268445 0.748446 0.748446 0.748446
1246.335083 0.000000 593.789551 0.000000 0.716078 0.000000 -0.698021 0.810719 0.810719 0.810719
1244.047485 0.000000 595.511475 0.000000 0.663600 0.000000 -0.748087 0.747264 0.747264 0.747264
1238.987915 0.000000 584.380737 0.000000 0.509201 0.000000 0.860647 0.515233 0.515233 0.515233
1238.018433 0.000000 582.045044 0.000000 0.274749 0.000000 -0.961516 0.901024 0.901024 0.901024
1240.651733 0.000000 592.056885 0.000000 0.320275 0.000000 0.947325 0.541199 0.541199 0.541199
1246.590698 0.000000 583.950378 0.000000 0.658032 0.000000 0.752990 0.641891 0.641891 0.641891
1246.707886 0.000000 590.664917 0.000000 0.959972 0.000000 0.280095 0.679659 0.679659 0.679659
1246.855103 0.000000 595.785889 0.000000 0.999047 0.000000 -0.043650 0.703205 0.703205 0.703205
1228.432495 0.000000 576.548035 0.000000 0.207791 0.000000 -0.978173 0.842758 0.842758 0.842758
1229.216309 0.000000 577.990112 0.000000 0.807155 0.000000 -0.590340 0.766214 0.766214 0.766214
1242.158936 0.000000 592.620361 0.000000 0.793389 0.000000 -0.608715 0.816656 0.816656 0.816656
1237.556396 0.000000 585.053711 0.000000 0.881367 0.000000 -0.472432 0.764492 0.764492 0.764492
1246.493652 0.000000 592.255005 0.000000 0.383039 0.000000 0.923732 0.531232 0.531232 0.531232
1242.586304 0.000000 595.225708 0.000000 0.985252 0.000000 -0.171107 0.730651 0.730651 0.730651
1238.771240 0.000000 585.735291 0.000000 0.189232 0.000000 -0.981932 0.946064 0.946064 0.946064
1271.832520 0.000000 586.686584 0.000000 0.391014 0.000000 -0.920385 0.761291 0.761291 0.761291
1277.921143 0.000000 597.617676 0.000000 0.997118 0.000000 0.075867 0.689781 0.689781 0.689781
1248.052734 0.000000 592.796631 0.000000 0.992701 0.000000 0.120605 0.678449 0.678449 0.678449
1260.203247 0.000000 586.880981 0.000000 0.442266 0.000000 -0.896884 0.801113 0.801113 0.801113
1270.762451 0.000000 590.857361 0.000000 0.992369 0.000000 0.123307 0.690710 0.690710 0.690710
1274.452637 0.000000 590.825623 0.000000 0.859668 0.000000 -0.510852 0.795575 0.795575 0.795575
1276.039673 0.000000 595.511475 0.000000 0.478092 0.000000 0.878310 0.653151 0.653151 0.653151
1258.447144 0.000000 588.846619 0.000000 0.998703 0.000000 -0.050922 0.708547 0.708547 0.708547
1269.297607 0.000000 586.604797 0.000000 0.841736 0.000000 0.539890 0.659137 0.659137 0.659137
1276.844238 0.000000 591.708557 0.000000 0.671186 0.000000 -0.741289 0.770042 0.770042 0.770042
1249.076904 0.000000 590.485352 0.000000 0.993610 0.000000 0.112870 0.690116 0.690116 0.690116
1276.527344 0.000000 599.560059 0.000000 0.109472 0.000000 -0.993990 0.832777 0.832777 0.832777
1260.788208 0.000000 589.634094 0.000000 0.627678 0.000000 -0.778473 0.774844 0.774844 0.774844
1247.712891 0.000000 595.114014 0.000000 0.741476 0.000000 0.670979 0.646013 0.646013 0.646013
1270.404175 0.000000 588.649658 0.000000 0.883539 0.000000 0.468358 0.637817 0.637817 0.637817
1279.486572 0.000000 599.137878 0.000000 0.919918 0.000000 0.392110 0.651414 0.651414 0.651414
1275.581543 0.000000 593.359375 0.000000 0.100234 0.000000 0.994964 0.543252 0.543252 0.543252
1249.903931 0.000000 592.222473 0.000000 0.942240 0.000000 -0.334938 0.760881 0.760881 0.760881
1274.151123 0.000000 592.620361 0.000000 0.538065 0.000000 -0.842903 0.806886 0.806886 0.806886
1271.963623 0.000000 588.292908 0.000000 0.571809 0.000000 0.820387 0.577263 0.577263 0.577263
1278.016968 0.000000 599.936646 0.000000 0.102077 0.000000 0.994777 0.522918 0.522918 0.522918
1268.959351 0.000000 589.453369 0.000000 0.000558 0.000000 1.000000 0.420099 0.420099 0.420099
1259.821411 0.000000 588.378784 0.000000 0.655961 0.000000 -0.754795 0.843499 0.843499 0.843499
1258.822632 0.000000 587.275269 0.000000 0.953267 0.000000 -0.302131 0.754711 0.754711 0.754711
1269.064087 0.000000 588.060120 0.000000 0.999949 0.000000 -0.010106 0.701801 0.701801 0.701801
1259.394287 0.000000 589.991821 0.000000 0.973507 0.000000 -0.228659 0.738704 0.738704 0.738704
1279.495117 0.000000 597.049072 0.000000 0.836784 0.000000 0.547534 0.596717 0.596717 0.596717
1275.448364 0.000000 591.822876 0.000000 0.015405 0.000000 0.999881 0.422746 0.422746 0.422746
1216.691528 0.000000 629.203064 0.000000 0.100061 0.000000 0.994981 0.692290 0.692290 0.692290
1241.549438 0.000000 626.115112 0.000000 0.703626 0.000000 -0.710570 0.810490 0.810490 0.810490
1223.922729 0.000000 630.376221 0.000000 0.815016 0.000000 0.579438 0.675158 0.675158 0.675158
1245.928955 0.000000 629.602051 0.000000 0.100477 0.000000 0.994939 0.602370 0.602370 0.602370
1222.416382 0.000000 635.920166 0.000000 0.852866 0.000000 0.522129 0.686560 0.686560 0.686560
1222.694336 0.000000 632.526550 0.000000 0.385234 0.000000 0.922819 0.626056 0.626056 0.626056
1220.333374 0.000000 635.109558 0.000000 0.492634 0.000000 -0.870236 0.771951 0.771951 0.771951
1240.651733 0.000000 624.041260 0.000000 0.052463 0.000000 0.998623 0.450583 0.450583 0.450583
1221.731812 0.000000 630.524109 0.000000 0.844203 0.000000 0.536023 0.637716 0.637716 0.637716
1239.788330 0.000000 627.422058 0.000000 0.841344 0.000000 -0.540500 0.786819 0.786819 0.786819
1243.844604 0.000000 629.576355 0.000000 0.293817 0.000000 0.955862 0.579907 0.579907 0.579907
1221.594360 0.000000 624.281982 0.000000 0.299919 0.000000 0.953965 0.551744 0.551744 0.551744
1219.921753 0.000000 627.660461 0.000000 0.869159 0.000000 -0.494533 0.792210 0.792210 0.792210
1239.961914 0.000000 625.618164 0.000000 0.239854 0.000000 -0.970809 0.936824 0.936824 0.936824
1218.407715 0.000000 632.843384 0.000000 0.810163 0.000000 0.586205 0.624471 0.624471 0.624471
1221.283813 0.000000 632.024414 0.000000 0.660054 0.000000 0.751218 0.548501 0.548501 0.548501
1219.633423 0.000000 626.196228 0.000000 0.940115 0.000000 0.340856 0.637999 0.637999 0.637999
1239.312378 0.000000 624.325562 0.000000 0.926048 0.000000 0.377406 0.631017 0.631017 0.631017
1258.177002 0.000000 637.219055 0.000000 0.925208 0.000000 -0.379461 0.769379 0.769379 0.769379
1276.897949 0.000000 614.464783 0.000000 0.796292 0.000000 0.604912 0.692053 0.692053 0.692053
1263.350342 0.000000 635.663086 0.000000 0.827958 0.000000 0.560790 0.692717 0.692717 0.692717
1277.967896 0.000000 638.056091 0.000000 0.003258 0.000000 -0.999995 0.883540 0.883540 0.883540
1272.874146 0.000000 637.892029 0.000000 0.129949 0.000000 0.991521 0.443230 0.443230 0.443230
1261.947388 0.000000 639.180237 0.000000 0.378660 0.000000 -0.925536 0.747528 0.747528 0.747528
1251.823608 0.000000 629.443542 0.000000 0.187409 0.000000 0.982282 0.509165 0.509165 0.509165
1278.407104 0.000000 618.111206 0.000000 0.282817 0.000000 0.959174 0.475599 0.475599 0.475599
1250.321777 0.000000 626.713928 0.000000 0.723210 0.000000 0.690629 0.621395 0.621395 0.621395
1270.167114 0.000000 636.806885 0.000000 0.104536 0.000000 -0.994521 0.807607 0.807607 0.807607
1275.519897 0.000000 636.571289 0.000000 0.033115 0.000000 -0.999452 0.874669 0.874669 0.874669
1249.824219 0.000000 631.377502 0.000000 0.297543 0.000000 0.954709 0.637921 0.637921 0.637921
1260.293579 0.000000 637.736267 0.000000 0.614042 0.000000 -0.789273 0.801737 0.801737 0.801737
1278.847290 0.000000 627.770264 0.000000 0.169147 0.000000 0.985591 0.511498 0.511498 0.511498
1258.579224 0.000000 634.869385 0.000000 0.390483 0.000000 0.920610 0.565093 0.565093 0.565093
1279.021729 0.000000 619.856995 0.000000 0.998471 0.000000 -0.055282 0.709666 0.709666 0.709666
1250.329712 0.000000 628.534607 0.000000 0.613013 0.000000 0.790073 0.574238 0.574238 0.574238
1251.913940 0.000000 627.660461 0.000000 0.987689 0.000000 0.156433 0.683804 0.683804 0.683804
1265.148438 0.000000 635.542725 0.000000 0.695612 0.000000 0.718417 0.557125 0.557125 0.557125
1273.119751 0.000000 639.682983 0.000000 0.182573 0.000000 0.983192 0.552122 0.552122 0.552122
1267.309326 0.000000 632.045837 0.000000 0.883467 0.000000 -0.468492 0.759647 0.759647 0.759647
1276.452515 0.000000 638.862854 0.000000 0.998592 0.000000 0.053046 0.693786 0.693786 0.693786
1273.876709 0.000000 636.603882 0.000000 0.070256 0.000000 0.997529 0.432534 0.432534 0.432534
1265.768555 0.000000 632.183960 0.000000 0.663351 0.000000 -0.748308 0.810820 0.810820 0.810820
1248.880005 0.000000 626.093506 0.000000 0.788654 0.000000 0.614837 0.612052 0.612052 0.612052
1279.635986 0.000000 617.207703 0.000000 0.223723 0.000000 -0.974653 0.939780 0.939780 0.939780
1249.065430 0.000000 627.716003 0.000000 0.939028 0.000000 -0.343840 0.746619 0.746619 0.746619
1259.209229 0.000000 636.189697 0.000000 0.480519 0.000000 0.876984 0.509349 0.509349 0.509349
1279.665405 0.000000 618.641968 0.000000 0.693981 0.000000 -0.719993 0.840469 0.840469 0.840469
1278.984619 0.000000 639.054199 0.000000 0.641378 0.000000 -0.767225 0.855883 0.855883 0.855883
1258.483154 0.000000 639.862671 0.000000 0.569831 0.000000 0.821762 0.639321 0.639321 0.639321
1278.515869 0.000000 640.090820 0.000000 0.988736 0.000000 -0.149673 0.719166 0.719166 0.719166
1255.717407 0.000000 643.462952 0.000000 0.100882 0.000000 -0.994898 0.923459 0.923459 0.923459
1257.877808 0.000000 641.500671 0.000000 0.661483 0.000000 0.749960 0.574034 0.574034 0.574034
1254.900269 0.000000 640.469543 0.000000 0.984831 0.000000 -0.173514 0.721944 0.721944 0.721944
1278.733643 0.000000 641.661377 0.000000 0.809928 0.000000 -0.586529 0.779959 0.779959 0.779959
1257.072876 0.000000 642.728271 0.000000 0.174910 0.000000 0.984584 0.451339 0.451339 0.451339
1279.705078 0.000000 595.114014 0.000000 0.750217 0.000000 0.661191 0.657076 0.657076 0.657076
1279.791870 0.000000 598.930359 0.000000 0.960728 0.000000 0.277493 0.666094 0.666094 0.666094
1280.439087 0.000000 615.628113 0.000000 0.591286 0.000000 0.806462 0.672129 0.672129 0.672129
1283.770874 0.000000 622.360840 0.000000 0.929725 0.000000 0.368254 0.672978 0.672978 0.672978
1280.860352 0.000000 617.988647 0.000000 0.657560 0.000000 0.753402 0.586678 0.586678 0.586678
1279.705078 0.000000 627.098389 0.000000 0.408913 0.000000 -0.912573 0.854686 0.854686 0.854686
1281.170044 0.000000 620.907898 0.000000 0.656463 0.000000 0.754358 0.547651 0.547651 0.547651
1280.872192 0.000000 626.093506 0.000000 0.956586 0.000000 0.291451 0.647283 0.647283 0.647283
1281.057617 0.000000 627.716003 0.000000 0.895722 0.000000 -0.444615 0.782129 0.782129 0.782129
1281.035156 0.000000 619.413879 0.000000 0.703250 0.000000 -0.710943 0.835441 0.835441 0.835441
1279.876343 0.000000 641.331970 0.000000 0.152560 0.000000 -0.988294 0.880853 0.880853 0.880853
1279.955933 0.000000 639.760620 0.000000 0.693676 0.000000 0.720288 0.556645 0.556645 0.556645
1325.162598 0.000000 692.568970 0.000000 0.479616 0.000000 -0.877479 0.930124 0.930124 0.930124
1327.026855 0.000000 695.999207 0.000000 0.002202 0.000000 0.999998 0.420393 0.420393 0.420393
1342.760132 0.000000 697.208496 0.000000 0.027244 0.000000 -0.999629 0.888824 0.888824 0.888824
1322.710693 0.000000 693.977356 0.000000 0.484858 0.000000 -0.874593 0.889768 0.889768 0.889768
1335.604370 0.000000 676.106384 0.000000 0.946847 0.000000 0.321684 0.685119 0.685119 0.685119
1338.733643 0.000000 679.561096 0.000000 0.945734 0.000000 -0.324943 0.741642 0.741642 0.741642
1324.804443 0.000000 694.858521 0.000000 0.975407 0.000000 -0.220411 0.739226 0.739226 0.739226
1343.470947 0.000000 695.091003 0.000000 0.924645 0.000000 -0.380830 0.732090 0.732090 0.732090
1339.025269 0.000000 677.302917 0.000000 0.069172 0.000000 0.997605 0.539929 0.539929 0.539929
1323.182739 0.000000 691.935974 0.000000 0.519714 0.000000 0.854340 0.519208 0.519208 0.519208
1337.182007 0.000000 676.755127 0.000000 0.146129 0.000000 -0.989266 0.914037 0.914037 0.914037
1325.150757 0.000000 696.416199 0.000000 0.736934 0.000000 -0.675965 0.801180 0.801180 0.801180
1336.284302 0.000000 679.807373 0.000000 0.426468 0.000000 0.904502 0.498536 0.498536 0.498536
1324.075317 0.000000 693.507019 0.000000 0.818779 0.000000 -0.574108 0.831447 0.831447 0.831447
1341.293457 0.000000 697.207397 0.000000 0.670242 0.000000 0.742143 0.550933 0.550933 0.550933
1337.964111 0.000000 678.364075 0.000000 0.178224 0.000000 0.983990 0.451940 0.451940 0.451940
1325.356079 0.000000 691.049927 0.000000 0.138979 0.000000 -0.990295 0.945140 0.945140 0.945140
1326.210693 0.000000 694.894775 0.000000 0.639920 0.000000 -0.768442 0.856222 0.856222 0.856222
1325.706421 0.000000 693.705200 0.000000 0.491055 0.000000 0.871129 0.472688 0.472688 0.472688
1355.157104 0.000000 687.383118 0.000000 0.391111 0.000000 -0.920344 0.787843 0.787843 0.787843
1373.303711 0.000000 684.964172 0.000000 0.999710 0.000000 -0.024093 0.700421 0.700421 0.700421
1357.154785 0.000000 692.568970 0.000000 0.263838 0.000000 -0.964567 0.747848 0.747848 0.747848
1356.179810 0.000000 682.834106 0.000000 0.550789 0.000000 -0.834644 0.729337 0.729337 0.729337
1366.739014 0.000000 686.810486 0.000000 0.884338 0.000000 0.466846 0.613418 0.613418 0.613418
1343.922852 0.000000 697.223694 0.000000 0.287545 0.000000 -0.957767 0.856477 0.856477 0.856477
1354.702881 0.000000 693.977356 0.000000 0.201150 0.000000 -0.979560 0.807602 0.807602 0.807602
1369.895386 0.000000 684.219055 0.000000 0.781496 0.000000 -0.623910 0.750629 0.750629 0.750629
1354.423706 0.000000 684.799744 0.000000 0.139862 0.000000 -0.990171 0.954987 0.954987 0.954987
1356.373657 0.000000 690.032043 0.000000 0.990120 0.000000 -0.140222 0.714997 0.714997 0.714997
1353.610474 0.000000 682.407532 0.000000 0.827934 0.000000 0.560826 0.653178 0.653178 0.653178
1351.355347 0.000000 691.996277 0.000000 0.201959 0.000000 0.979394 0.625919 0.625919 0.625919
1366.380737 0.000000 684.602783 0.000000 0.836912 0.000000 -0.547337 0.749596 0.749596 0.749596
1359.032837 0.000000 693.763062 0.000000 0.800434 0.000000 -0.599421 0.739316 0.739316 0.739316
1353.557495 0.000000 695.834595 0.000000 0.138027 0.000000 -0.990429 0.840174 0.840174 0.840174
1374.676636 0.000000 686.618042 0.000000 0.929730 0.000000 0.368242 0.646617 0.646617 0.646617
1361.676025 0.000000 690.237061 0.000000 0.995861 0.000000 0.090886 0.693479 0.693479 0.693479
1368.519653 0.000000 685.859314 0.000000 0.930694 0.000000 0.365798 0.671858 0.671858 0.671858
1343.776245 0.000000 694.883484 0.000000 0.964788 0.000000 -0.263030 0.721862 0.721862 0.721862
1358.717529 0.000000 691.452698 0.000000 0.458784 0.000000 -0.888548 0.895040 0.895040 0.895040
1367.930664 0.000000 689.586914 0.000000 0.945895 0.000000 -0.324471 0.739847 0.739847 0.739847
1355.797974 0.000000 684.331909 0.000000 0.715238 0.000000 0.698881 0.562062 0.562062 0.562062
1355.370850 0.000000 685.944946 0.000000 0.860938 0.000000 -0.508710 0.795131 0.795131 0.795131
1374.848877 0.000000 685.188232 0.000000 0.029129 0.000000 -0.999576 0.974807 0.974807 0.974807
1378.444946 0.000000 700.942688 0.000000 0.496213 0.000000 0.868201 0.688974 0.688974 0.688974
1383.454834 0.000000 688.141479 0.000000 0.953894 0.000000 0.300144 0.660044 0.660044 0.660044
1384.703613 0.000000 697.887390 0.000000 0.672022 0.000000 0.740531 0.660654 0.660654 0.660654
1380.844604 0.000000 702.513367 0.000000 0.438005 0.000000 0.898973 0.500816 0.500816 0.500816
1383.851440 0.000000 702.733154 0.000000 0.915633 0.000000 -0.402016 0.758564 0.758564 0.758564
1377.045654 0.000000 686.438477 0.000000 0.954223 0.000000 0.299097 0.660719 0.660719 0.660719
1382.655273 0.000000 696.495300 0.000000 0.013502 0.000000 0.999909 0.460508 0.460508 0.460508
1383.347534 0.000000 691.996277 0.000000 0.970605 0.000000 0.240678 0.664744 0.664744 0.664744
1383.554321 0.000000 690.115906 0.000000 0.999634 0.000000 0.027066 0.696074 0.696074 0.696074
1381.917603 0.000000 698.109985 0.000000 0.468224 0.000000 -0.883610 0.834441 0.834441 0.834441
1381.555298 0.000000 688.250732 0.000000 0.723438 0.000000 -0.690390 0.822517 0.822517 0.822517
1377.146606 0.000000 684.876648 0.000000 0.705205 0.000000 -0.709003 0.826706 0.826706 0.826706
1383.392700 0.000000 698.724426 0.000000 0.196325 0.000000 -0.980539 0.944776 0.944776 0.944776
1375.702026 0.000000 687.204956 0.000000 0.739237 0.000000 -0.673445 0.804589 0.804589 0.804589
1375.794922 0.000000 685.613647 0.000000 0.314551 0.000000 -0.949241 0.922962 0.922962 0.922962
1305.533813 0.000000 754.052612 0.000000 0.966332 0.000000 -0.257296 0.704093 0.704093 0.704093
1309.913330 0.000000 757.539551 0.000000 0.967309 0.000000 0.253602 0.658776 0.658776 0.658776
1308.031860 0.000000 755.433350 0.000000 0.697178 0.000000 -0.716898 0.818738 0.818738 0.818738
1300.990479 0.000000 759.551819 0.000000 0.924682 0.000000 -0.380741 0.769625 0.769625 0.769625
1311.478760 0.000000 759.059753 0.000000 0.992120 0.000000 -0.125291 0.707903 0.707903 0.707903
1310.839478 0.000000 755.707764 0.000000 0.661232 0.000000 -0.750182 0.766714 0.766714 0.766714
1307.828979 0.000000 757.513855 0.000000 0.882003 0.000000 0.471244 0.612531 0.612531 0.612531
1299.301514 0.000000 759.983337 0.000000 0.413701 0.000000 0.910413 0.508026 0.508026 0.508026
1300.862793 0.000000 761.396423 0.000000 0.486393 0.000000 -0.873740 0.850449 0.850449 0.850449
1309.481323 0.000000 754.985168 0.000000 0.575571 0.000000 -0.817752 0.842231 0.842231 0.842231
1306.570679 0.000000 755.147583 0.000000 0.999789 0.000000 -0.020561 0.703414 0.703414 0.703414
1309.076050 0.000000 756.365417 0.000000 0.976171 0.000000 -0.217002 0.735169 0.735169 0.735169
1299.653076 0.000000 758.646301 0.000000 0.995805 0.000000 -0.091506 0.715373 0.715373 0.715373
1307.012573 0.000000 756.423157 0.000000 0.758474 0.000000 0.651704 0.573471 0.573471 0.573471
1306.427002 0.000000 757.569885 0.000000 0.930330 0.000000 0.366724 0.633069 0.633069 0.633069
1340.828613 0.000000 751.630432 0.000000 0.211160 0.000000 0.977452 0.522004 0.522004 0.522004
1313.808594 0.000000 759.315002 0.000000 0.578841 0.000000 0.815441 0.625016 0.625016 0.625016
1311.697266 0.000000 755.035889 0.000000 0.180780 0.000000 0.983524 0.590766 0.590766 0.590766
1338.135498 0.000000 752.542236 0.000000 0.936135 0.000000 0.351642 0.637833 0.637833 0.637833
1339.432739 0.000000 751.744751 0.000000 0.913801 0.000000 -0.406161 0.774554 0.774554 0.774554
1374.675903 0.000000 708.789368 0.000000 0.260130 0.000000 -0.965574 0.777697 0.777697 0.777697
1375.261597 0.000000 707.107239 0.000000 0.936074 0.000000 0.351804 0.666703 0.666703 0.666703
1381.356445 0.000000 704.047791 0.000000 0.923795 0.000000 0.382887 0.650560 0.650560 0.650560
1375.852905 0.000000 705.300720 0.000000 0.547138 0.000000 -0.837043 0.732934 0.732934 0.732934
1376.825195 0.000000 708.384521 0.000000 0.045251 0.000000 -0.998976 0.873289 0.873289 0.873289
1379.060181 0.000000 705.997742 0.000000 0.628655 0.000000 0.777685 0.648617 0.648617 0.648617
1377.306763 0.000000 706.589600 0.000000 0.946274 0.000000 0.323367 0.641304 0.641304 0.641304
1355.157104 0.000000 751.351868 0.000000 0.215518 0.000000 0.976500 0.534416 0.534416 0.534416
1352.206055 0.000000 744.346008 0.000000 0.901447 0.000000 0.432890 0.634279 0.634279 0.634279
1348.074341 0.000000 745.801025 0.000000 0.763041 0.000000 0.646350 0.674208 0.674208 0.674208
1350.385132 0.000000 763.857666 0.000000 0.296480 0.000000 -0.955039 0.731067 0.731067 0.731067
1369.257568 0.000000 762.916565 0.000000 0.861183 0.000000 -0.508295 0.724227 0.724227 0.724227
1348.852417 0.000000 766.482117 0.000000 0.957652 0.000000 0.287929 0.652532 0.652532 0.652532
1349.602295 0.000000 743.351685 0.000000 0.411370 0.000000 0.911468 0.657912 0.657912 0.657912
1351.859253 0.000000 766.701904 0.000000 0.091962 0.000000 0.995762 0.454505 0.454505 0.454505
1347.755005 0.000000 752.727356 0.000000 0.160074 0.000000 0.987105 0.475763 0.475763 0.475763
1355.816895 0.000000 740.599731 0.000000 0.932922 0.000000 -0.360079 0.735405 0.735405 0.735405
1356.314819 0.000000 744.613403 0.000000 0.043827 0.000000 -0.999039 0.809408 0.809408 0.809408
1360.212646 0.000000 751.765564 0.000000 0.390007 0.000000 0.920812 0.565033 0.565033 0.565033
1352.860107 0.000000 742.291687 0.000000 0.945820 0.000000 0.324690 0.645678 0.645678 0.645678
1353.145264 0.000000 750.557434 0.000000 0.999767 0.000000 0.021603 0.696149 0.696149 0.696149
1364.517212 0.000000 763.413818 0.000000 0.082984 0.000000 0.996551 0.536206 0.536206 0.536206
1354.912109 0.000000 766.986816 0.000000 0.453584 0.000000 -0.891214 0.880702 0.880702 0.880702
1367.485840 0.000000 763.401917 0.000000 0.996656 0.000000 0.081715 0.687276 0.687276 0.687276
1350.483765 0.000000 765.641357 0.000000 0.775427 0.000000 -0.631438 0.821820 0.821820 0.821820
1348.124634 0.000000 764.956787 0.000000 0.985165 0.000000 0.171609 0.669258 0.669258 0.669258
1364.847168 0.000000 761.396423 0.000000 0.970365 0.000000 -0.241645 0.730709 0.730709 0.730709
1351.250977 0.000000 742.952148 0.000000 0.708720 0.000000 -0.705490 0.839593 0.839593 0.839593
1354.779663 0.000000 753.769592 0.000000 0.451274 0.000000 0.892385 0.580533 0.580533 0.580533
1360.675537 0.000000 750.219666 0.000000 0.901422 0.000000 0.432942 0.648356 0.648356 0.648356
1353.407227 0.000000 766.555969 0.000000 0.538188 0.000000 -0.842825 0.836654 0.836654 0.836654
1356.556763 0.000000 742.993408 0.000000 0.956179 0.000000 0.292783 0.653266 0.653266 0.653266
1366.239746 0.000000 760.366455 0.000000 0.957659 0.000000 -0.287906 0.752057 0.752057 0.752057
1363.144653 0.000000 753.929077 0.000000 0.832219 0.000000 -0.554447 0.804759 0.804759 0.804759
1366.012451 0.000000 763.267334 0.000000 0.981713 0.000000 -0.190369 0.729791 0.729791 0.729791
1352.270386 0.000000 745.742310 0.000000 0.966220 0.000000 0.257718 0.661736 0.661736 0.661736
1350.201904 0.000000 766.983459 0.000000 0.853069 0.000000 -0.521799 0.791138 0.791138 0.791138
1350.823242 0.000000 744.291687 0.000000 0.637889 0.000000 0.770128 0.546380 0.546380 0.546380
1349.132690 0.000000 764.150208 0.000000 0.406239 0.000000 0.913767 0.494569 0.494569 0.494569
1276.897949 0.000000 806.371033 0.000000 0.986636 0.000000 0.162939 0.674544 0.674544 0.674544
1275.378662 0.000000 809.870789 0.000000 0.958760 0.000000 -0.284215 0.707051 0.707051 0.707051
1278.582886 0.000000 807.841003 0.000000 0.375355 0.000000 -0.926881 0.859595 0.859595 0.859595
1276.744019 0.000000 808.503723 0.000000 0.685780 0.000000 0.727809 0.554702 0.554702 0.554702
1279.120483 0.000000 806.301697 0.000000 0.015516 0.000000 -0.999880 0.909284 0.909284 0.909284
1279.635986 0.000000 809.113953 0.000000 0.921747 0.000000 -0.387792 0.761939 0.761939 0.761939
1303.824707 0.000000 778.592834 0.000000 0.998855 0.000000 0.047837 0.690717 0.690717 0.690717
1304.564941 0.000000 774.362854 0.000000 0.601832 0.000000 0.798623 0.654737 0.654737 0.654737
1307.370850 0.000000 777.886414 0.000000 0.683502 0.000000 0.729949 0.648522 0.648522 0.648522
1301.289795 0.000000 778.511047 0.000000 0.974289 0.000000 0.225301 0.665052 0.665052 0.665052
1302.972290 0.000000 776.286987 0.000000 0.990858 0.000000 0.134906 0.666420 0.666420 0.666420
1310.691528 0.000000 772.758118 0.000000 0.999873 0.000000 -0.015910 0.702558 0.702558 0.702558
1310.575073 0.000000 775.856628 0.000000 0.798724 0.000000 -0.601698 0.815085 0.815085 0.815085
1305.212402 0.000000 776.986267 0.000000 0.411116 0.000000 -0.911583 0.904478 0.904478 0.904478
1305.791870 0.000000 778.485779 0.000000 0.623467 0.000000 0.781850 0.577643 0.577643 0.577643
1301.540771 0.000000 776.959961 0.000000 0.238666 0.000000 0.971102 0.462958 0.462958 0.462958
1311.112671 0.000000 774.317322 0.000000 0.418101 0.000000 -0.908400 0.903110 0.903110 0.903110
1301.056274 0.000000 779.966370 0.000000 0.070080 0.000000 -0.997541 0.930782 0.930782 0.930782
1300.265625 0.000000 777.546082 0.000000 0.129406 0.000000 -0.991592 0.956868 0.956868 0.956868
1302.755615 0.000000 777.641541 0.000000 0.999322 0.000000 0.036830 0.690858 0.690858 0.690858
1302.609131 0.000000 779.202271 0.000000 0.599046 0.000000 0.800715 0.519890 0.519890 0.519890
1303.989746 0.000000 777.284180 0.000000 0.010461 0.000000 0.999945 0.312792 0.312792 0.312792
1312.431274 0.000000 775.549988 0.000000 0.579776 0.000000 0.814776 0.598478 0.598478 0.598478
1312.840820 0.000000 772.353271 0.000000 0.986653 0.000000 0.162835 0.684279 0.684279 0.684279
1311.742676 0.000000 773.865845 0.000000 0.790369 0.000000 0.612631 0.593985 0.593985 0.593985
1313.352661 0.000000 774.153381 0.000000 0.092193 0.000000 0.995741 0.542391 0.542391 0.542391
1280.439087 0.000000 807.534363 0.000000 0.118242 0.000000 -0.992985 0.801519 0.801519 0.801519
1299.847168 0.000000 830.570251 0.000000 0.416782 0.000000 0.909007 0.542489 0.542489 0.542489
1284.526855 0.000000 804.729370 0.000000 0.959688 0.000000 -0.281066 0.720414 0.720414 0.720414
1284.089966 0.000000 809.769775 0.000000 0.097596 0.000000 0.995226 0.643366 0.643366 0.643366
1280.848633 0.000000 804.337646 0.000000 0.950270 0.000000 -0.311427 0.714390 0.714390 0.714390
1296.812378 0.000000 830.176514 0.000000 0.435104 0.000000 -0.900380 0.899759 0.899759 0.899759
1285.617920 0.000000 807.320435 0.000000 0.071460 0.000000 -0.997443 0.865067 0.865067 0.865067
1283.101685 0.000000 807.057983 0.000000 0.415037 0.000000 -0.909804 0.903710 0.903710 0.903710
1282.683472 0.000000 805.192688 0.000000 0.886226 0.000000 0.463254 0.643603 0.643603 0.643603
1305.111938 0.000000 831.589233 0.000000 0.938753 0.000000 0.344590 0.643438 0.643438 0.643438
1303.539795 0.000000 830.702454 0.000000 0.756668 0.000000 -0.653799 0.775964 0.775964 0.775964
1298.294312 0.000000 830.595337 0.000000 0.853842 0.000000 -0.520532 0.775584 0.775584 0.775584
1296.206421 0.000000 828.823181 0.000000 0.145198 0.000000 -0.989403 0.946555 0.946555 0.946555
1297.567261 0.000000 829.028748 0.000000 0.990102 0.000000 -0.140352 0.724363 0.724363 0.724363
1362.344971 0.000000 784.185364 0.000000 0.677225 0.000000 -0.735776 0.795365 0.795365 0.795365
1363.634644 0.000000 780.412720 0.000000 0.260333 0.000000 0.965519 0.617746 0.617746 0.617746
1364.250000 0.000000 782.697754 0.000000 0.981733 0.000000 -0.190262 0.720741 0.720741 0.720741
1360.212646 0.000000 783.749939 0.000000 0.999981 0.000000 0.006123 0.699572 0.699572 0.699572
1364.377563 0.000000 784.836548 0.000000 0.313983 0.000000 0.949429 0.612522 0.612522 0.612522
1362.314453 0.000000 782.140503 0.000000 0.965024 0.000000 -0.262162 0.747284 0.747284 0.747284
1352.437744 0.000000 767.626099 0.000000 0.975278 0.000000 0.220982 0.669627 0.669627 0.669627
1353.854370 0.000000 769.438171 0.000000 0.918857 0.000000 0.394591 0.639747 0.639747 0.639747
1355.118896 0.000000 768.988708 0.000000 0.345109 0.000000 0.938563 0.482808 0.482808 0.482808
1297.434692 0.000000 831.873169 0.000000 0.985635 0.000000 -0.168892 0.730251 0.730251 0.730251
1303.460693 0.000000 832.305908 0.000000 0.209980 0.000000 0.977706 0.536098 0.536098 0.536098
1305.295044 0.000000 833.318176 0.000000 0.982485 0.000000 0.186339 0.666589 0.666589 0.666589
1305.659424 0.000000 832.005371 0.000000 0.244207 0.000000 -0.969723 0.936025 0.936025 0.936025
"}
